0	9.733170509338379	2.3381749629974364	1.0	0
1	13.873816967010498	2.3368210633595785	1.0	0
2	18.129451036453247	2.33220690091451	1.0	0
3	22.403441905975342	2.294552707672119	1.0	0
4	26.796081066131592	2.307105525334676	1.0	0
5	31.16744375228882	2.2733764330546067	1.0	0
6	35.53136682510376	2.264850378036499	1.0	0
7	39.94131684303284	2.2977222442626952	1.0	0
8	44.48896098136902	2.2386450290679933	1.0	0
9	49.90688610076904	2.225755262374878	1.0	0
10	54.39536452293396	2.2520114421844486	1.0	0
11	58.90045928955078	2.139529498418172	1.0	0
12	63.43910598754883	2.119064164161682	1.0	0
13	67.9409499168396	2.1316917498906456	1.0	0
14	72.44577741622925	2.009502617518107	1.0	0
15	76.9534227848053	2.026621929804484	1.0	0
16	81.5272126197815	2.025411367416382	1.0	0
17	86.0129873752594	2.064292089144389	1.0	0
18	91.06082606315613	1.9908316453297934	1.0	0
19	95.71862077713013	1.9606512467066448	1.0	0
20	100.35267663002014	1.9428447167078655	1.0	0
21	104.96373915672302	2.0956674098968504	1.0	0
22	109.55670833587646	2.0196845213572185	1.0	0
23	114.14522385597229	2.074756574630737	1.0	0
24	118.82185578346252	1.8975354353586835	1.0	0
25	123.49939393997192	1.97109903494517	1.0	0
26	128.1276752948761	2.0537155548731487	1.0	0
27	132.94481492042542	2.0342034101486206	1.0	0
28	137.84135484695435	1.8954483032226563	1.0	0
29	142.4395775794983	1.8965649843215944	1.0	0
30	147.1124632358551	2.147707772254944	1.0	0
31	151.71586322784424	1.936669317881266	1.0	0
32	156.39275789260864	1.894662006696065	1.0	0
33	161.0675404071808	1.998039396603902	1.0	0
34	165.7335114479065	1.9187203327814737	1.0	0
35	170.40019369125366	2.070064886411031	1.0	0
36	175.30718636512756	1.9702513376871746	1.0	0
37	180.11146664619446	1.9973353226979573	1.0	0
38	184.81817770004272	1.9046401580174763	1.0	0
39	189.4579939842224	1.9481056451797487	1.0	0
40	194.08781671524048	2.1572127580642704	1.0	0
41	198.77937698364258	2.0126203616460163	1.0	0
42	203.4711470603943	1.9854830265045171	1.0	0
43	208.14028310775757	1.988361970583598	1.0	0
44	212.77540683746338	2.0460602124532064	1.0	0
45	217.4577920436859	1.9570132652918502	1.0	29.9000%
46	225.4033727645874	1.9182381629943843	1.0	29.1700%
47	232.901957988739	2.01163341999054	1.0	27.6900%
48	240.50705742835999	2.004880690574646	1.0	26.1300%
49	248.14460229873657	2.0116544485092165	1.0	25.6600%
50	255.71952033042908	1.9456820726394652	1.0	0
51	261.0477533340454	2.02867271900177	1.0	0
52	265.68089032173157	1.9098679224650066	1.0	0
53	270.31783080101013	2.0799437204996747	1.0	0
54	274.98426628112793	1.923646624883016	1.0	0
55	279.68634581565857	1.9115958611170452	1.0	0
56	284.36193561553955	2.0244818449020388	1.0	0
57	288.98477435112	1.9010508616765338	1.0	0
58	293.5869553089142	1.977235349019369	1.0	0
59	298.2441563606262	2.0709377050399778	1.0	0
60	303.4975919723511	1.9585628747940063	1.0	0
61	308.2287218570709	2.0665388981501263	1.0	0
62	312.931560754776	2.017321666081746	1.0	0
63	317.64269375801086	2.076788274447123	1.0	0
64	322.2799582481384	2.063143173853556	1.0	0
65	326.8780815601349	2.0804555495580037	1.0	0
66	331.50301718711853	1.9438351074854532	1.0	0
67	336.1475291252136	1.9426387151082356	1.0	0
68	340.8605124950409	1.9427112579345704	1.0	0
69	346.055358171463	2.027797301610311	1.0	0
70	350.7898383140564	2.001919444402059	1.0	0
71	355.4142608642578	1.9797200759251914	1.0	0
72	360.0419511795044	2.1371320645014444	1.0	0
73	364.684339761734	2.157640480995178	1.0	0
74	369.3225703239441	2.2006232182184857	1.0	0
75	373.96840953826904	2.1020738124847407	1.0	0
76	378.6390063762665	2.102716088294983	1.0	0
77	383.2557816505432	2.0464532216389975	1.0	0
78	388.3556900024414	2.027483971913655	1.0	0
79	393.03205466270447	2.0704259872436523	1.0	0
80	397.7453353404999	2.0623270432154337	1.0	0
81	402.35589146614075	2.101872841517131	1.0	0
82	406.9949543476105	1.9664705435434977	1.0	0
83	411.6281325817108	2.0158857027689616	1.0	0
84	416.27015376091003	2.062257146835327	1.0	0
85	420.96964836120605	2.034140642484029	1.0	0
86	425.663804769516	2.075695999463399	1.0	0
87	430.87415623664856	2.094139099121094	1.0	0
88	435.5158393383026	2.250776926676432	1.0	0
89	440.20971965789795	2.213031665484111	1.0	0
90	444.84799361228943	2.239267778396606	1.0	0
91	449.50957131385803	2.180136450131734	1.0	0
92	454.1817297935486	2.2898451487223306	1.0	0
93	458.811888217926	2.095558651288351	1.0	0
94	463.43105006217957	2.1148656527201335	1.0	0
95	468.0518629550934	2.179630581537882	1.0	24.9000%
96	475.94792008399963	2.130178435643514	1.0	24.9300%
97	483.58013248443604	2.1900954882303876	1.0	25.3700%
98	491.169193983078	2.120387530326844	1.0	26.4400%
99	498.7582652568817	2.1004974285761517	1.0	28.4300%
100	506.3118987083435	1.9983843962351482	1.0	0
101	510.9629440307617	2.0941869179407755	1.0	0
102	516.3477449417114	1.925649730364482	1.0	0
103	520.9825463294983	2.021993041038513	1.0	0
104	525.664529800415	2.1323515892028815	1.0	0
105	530.2839517593384	2.109212001164754	1.0	0
106	534.96147108078	2.147275447845459	1.0	0
107	539.7235596179962	2.3067164262135824	1.0	0
108	544.3680398464203	2.493425981203715	1.0	0
109	549.0426943302155	2.5904486020406092	1.0	0
110	553.6715681552887	2.4555891990661616	1.0	0
111	559.0845582485199	2.355061936378479	1.0	0
112	563.7085590362549	2.4528171141942345	1.0	0
113	568.4075694084167	2.4400439341862996	1.0	0
114	573.0886733531952	2.2154708464940387	1.0	0
115	577.7491669654846	2.082625945409139	1.0	0
116	582.4290678501129	2.246983416875203	1.0	0
117	587.0982160568237	2.2807594696680704	1.0	0
118	591.7791862487793	2.2051356633504233	1.0	0
119	596.4646015167236	2.129014484087626	1.0	0
120	601.8040101528168	2.4766557057698573	1.0	0
121	606.4592905044556	2.486553390820821	1.0	0
122	611.119790315628	2.3172331968943283	1.0	0
123	615.7579116821289	2.6521840413411457	1.0	0
124	620.4287276268005	2.438518651326498	1.0	0
125	625.0819778442383	2.356587235132853	1.0	0
126	629.7060041427612	2.5235198974609374	1.0	0
127	634.4072072505951	2.682738733291626	1.0	0
128	638.9603788852692	2.867831118901571	1.0	0
129	644.2575857639313	2.3685259183247886	1.0	0
130	648.8784222602844	2.412570850054423	1.0	0
131	653.5594489574432	2.5118894735972086	1.0	0
132	658.2937066555023	2.4804298639297486	1.0	0
133	662.9292714595795	2.260335429509481	1.0	0
134	667.5542993545532	2.3807435353597	1.0	0
135	672.1948821544647	2.6609178543090826	1.0	0
136	676.8880450725555	2.6062187035878503	1.0	0
137	681.4966831207275	2.633059072494507	1.0	0
138	686.9427943229675	2.489946015675863	1.0	0
139	691.620903968811	2.5487094402313235	1.0	0
140	696.3409221172333	2.4887684345245358	1.0	0
141	700.9561920166016	2.315517314275106	1.0	0
142	705.6417729854584	2.225029349327088	1.0	0
143	710.3137826919556	2.08981671333313	1.0	0
144	714.966846704483	2.212087353070577	1.0	0
145	719.5916466712952	2.2222743988037106	1.0	23.8500%
146	727.8135921955109	2.182974600791931	1.0	22.9000%
147	735.349283695221	2.37251779238383	1.0	22.1800%
148	742.86061668396	2.36344846089681	1.0	21.8000%
149	750.404360294342	2.3782802263895673	1.0	21.6200%
150	757.9916453361511	2.5449134906133017	1.0	0
151	762.6402611732483	2.6113592306772864	1.0	0
152	767.2433176040649	2.616353487968445	1.0	0
153	772.4071159362793	2.8055142720540367	1.0	0
154	777.1219899654388	2.5433856407801314	1.0	0
155	781.8650014400482	2.6259201526641847	1.0	0
156	786.5934891700745	2.937319930394491	1.0	0
157	791.1465911865234	2.9095868269602456	1.0	0
158	795.7578661441803	2.720527164141337	1.0	0
159	800.3420403003693	2.7995279471079506	1.0	0
160	804.9930238723755	2.84207329750061	1.0	0
161	809.6369037628174	2.9390754699707036	1.0	0
162	814.4600255489349	2.6968190987904865	1.0	0
163	819.1622455120087	2.746063486735026	1.0	0
164	823.7482256889343	2.5954587221145626	1.0	0
165	828.3798139095306	2.699342616399129	1.0	0
166	833.0390024185181	2.5981212933858235	1.0	0
167	837.7144813537598	2.7173250198364256	1.0	0
168	842.3666832447052	2.621224117279052	1.0	0
169	847.0679883956909	2.591817061106364	1.0	0
170	851.739198923111	2.5870025793711346	1.0	0
171	856.7112398147583	2.3869527816772464	1.0	0
172	861.364767074585	2.4184337615966793	1.0	0
173	865.9880571365356	2.381870142618815	1.0	0
174	870.5782887935638	2.4491381406784054	1.0	0
175	875.1283719539642	2.468127044041952	1.0	0
176	879.8466439247131	2.275645065307617	1.0	0
177	884.5087947845459	2.3757705529530844	1.0	0
178	889.2005677223206	2.319165595372518	1.0	0
179	893.8302006721497	2.406857411066691	1.0	0
180	899.1521873474121	2.4116330623626703	1.0	0
181	903.811927318573	2.389084720611572	1.0	0
182	908.4481499195099	2.535204362869263	1.0	0
183	913.0899679660797	2.995686022440593	1.0	0
184	917.74769115448	2.872731828689575	1.0	0
185	922.3570168018341	2.978934160868327	1.0	0
186	926.9867000579834	3.1214736143747963	1.0	0
187	931.6483767032623	3.114742644627889	1.0	0
188	936.3157911300659	2.727600804964702	1.0	0
189	941.5532491207123	2.75904615720113	1.0	0
190	946.1735544204712	2.5631438493728638	1.0	0
191	950.8177618980408	2.368969368934631	1.0	0
192	955.4077730178833	2.628382889429728	1.0	0
193	960.0871086120605	2.5251524845759077	1.0	0
194	964.8166987895966	2.66601661046346	1.0	0
195	969.3980209827423	2.59563512802124	1.0	22.5800%
196	976.9633176326752	2.573417091369629	1.0	22.6000%
197	985.2013792991638	2.382092642784119	1.0	22.6700%
198	992.7821819782257	2.78326100508372	1.0	22.9000%
199	1000.3471329212189	2.8214877287546796	1.0	22.9600%
200	1007.904424905777	2.6462962150573737	1.0	0
201	1012.5271410942078	2.5104058980941772	1.0	0
202	1017.1623153686523	2.730675220489502	1.0	0
203	1021.8481137752533	2.589100448290507	1.0	0
204	1027.0459296703339	2.519115622838338	1.0	0
205	1031.713941335678	2.5241631587346394	1.0	0
206	1036.388075351715	2.4587125539779664	1.0	0
207	1041.0227389335632	2.5163681348164872	1.0	0
208	1045.6460390090942	2.713879744211832	1.0	0
209	1050.3125355243683	2.562872791290284	1.0	0
210	1054.9215495586395	2.829956261316936	1.0	0
211	1059.608190536499	2.763934731483459	1.0	0
212	1064.1917941570282	2.7791592915852865	1.0	0
213	1069.4346203804016	2.645677932103475	1.0	0
214	1074.041618347168	3.0347461700439453	1.0	0
215	1078.618967294693	2.791415389378866	1.0	0
216	1083.308369398117	3.0822072664896645	1.0	0
217	1087.972784280777	2.76218318939209	1.0	0
218	1092.646068096161	2.6293972810109456	1.0	0
219	1097.272920846939	2.5697153409322104	1.0	0
220	1101.9628193378448	2.596031427383423	1.0	0
221	1106.60115981102	2.6310396353403727	1.0	0
222	1111.7783465385437	2.4169549544652305	1.0	0
223	1116.3890330791473	2.5548405329386394	1.0	0
224	1121.0568284988403	2.2391170581181843	1.0	0
225	1125.7909789085388	2.354959559440612	1.0	0
226	1130.4867634773254	2.117491594950358	1.0	0
227	1135.1383509635925	2.275013852119446	1.0	0
228	1139.7892973423004	2.2693140824635822	1.0	0
229	1144.4200527668	2.3410002470016478	1.0	0
230	1149.0262043476105	2.361569325129191	1.0	0
231	1154.2697176933289	2.332066408793131	1.0	0
232	1158.9000551700592	2.401770035425822	1.0	0
233	1163.5188164710999	2.299168976147969	1.0	0
234	1168.1621916294098	2.551687606175741	1.0	0
235	1172.814831495285	2.353342851003011	1.0	0
236	1177.4326786994934	2.4996123313903813	1.0	0
237	1182.0708289146423	2.3800223668416347	1.0	0
238	1186.7062239646912	2.412415218353271	1.0	0
239	1191.3205280303955	2.3643188079198203	1.0	0
240	1196.3245270252228	2.3410646200180056	1.0	0
241	1200.936381816864	2.3612791140874227	1.0	0
242	1205.6236038208008	2.2900834560394285	1.0	0
243	1210.2703127861023	2.2954172690709433	1.0	0
244	1214.9308586120605	2.120692880948385	1.0	0
245	1219.544082403183	2.1515292723973594	1.0	25.6100%
246	1227.0954830646515	2.219769636789957	1.0	25.6000%
247	1234.8450582027435	2.2961138566335046	1.0	25.4800%
248	1242.6937181949615	2.1845826625823976	1.0	25.2400%
249	1250.3163177967072	2.1479035933812463	1.0	25.1200%
250	1257.9195747375488	2.283504899342855	1.0	0
251	1262.5179319381714	2.1930421908696496	1.0	0
252	1267.1049692630768	2.298167101542155	1.0	0
253	1271.7550790309906	2.295771972338359	1.0	0
254	1276.3344717025757	2.1509121179580686	1.0	0
255	1281.5908303260803	2.1926610549290975	1.0	0
256	1286.4442307949066	2.2075550317764283	1.0	0
257	1290.8246071338654	2.2258160750071205	1.0	0
258	1295.4710140228271	2.097646768887838	1.0	0
259	1300.074562072754	2.129026667277018	1.0	0
260	1304.6639022827148	2.176098807652791	1.0	0
261	1309.2810270786285	2.1102887471516927	1.0	0
262	1313.9757556915283	2.1185465176900227	1.0	0
263	1318.6389751434326	2.1461022535959877	1.0	0
264	1323.993391752243	2.1777324199676515	1.0	0
265	1328.5976190567017	2.1493136882781982	1.0	0
266	1333.3207468986511	2.1128692388534547	1.0	0
267	1337.9512934684753	2.1033220132191977	1.0	0
268	1342.5546734333038	2.0020799239476523	1.0	0
269	1347.1957528591156	2.1404428720474242	1.0	0
270	1351.8154382705688	2.0845902442932127	1.0	0
271	1356.3972239494324	2.068068703015645	1.0	0
272	1360.9382297992706	2.0561787287394204	1.0	0
273	1366.1516342163086	2.081191245714823	1.0	0
274	1370.7434132099152	2.06157857577006	1.0	0
275	1375.4346425533295	2.0182851076126096	1.0	0
276	1380.058471918106	2.0785780906677247	1.0	0
277	1384.7356564998627	2.0564701477686564	1.0	0
278	1389.3929777145386	2.065732471148173	1.0	0
279	1394.0401368141174	2.0798566341400146	1.0	0
280	1398.681789636612	2.0395134210586545	1.0	0
281	1403.2764639854431	1.977850572268168	1.0	0
282	1408.4346158504486	2.020961125691732	1.0	0
283	1413.1220045089722	2.1299794912338257	1.0	0
284	1417.7656767368317	2.0262376944224036	1.0	0
285	1422.3898746967316	2.0485129435857137	1.0	0
286	1426.9827752113342	2.016320546468099	1.0	0
287	1431.5160646438599	2.0402696371078486	1.0	0
288	1436.0875613689423	1.9767274220784503	1.0	0
289	1440.7329289913177	1.9953164418538412	1.0	0
290	1445.3813834190369	1.9711784124374392	1.0	0
291	1450.5410254001617	1.9875063101450605	1.0	0
292	1455.230516910553	2.0090378761291503	1.0	0
293	1459.9386143684387	1.9461937109629313	1.0	0
294	1464.6210551261902	1.9661996285120646	1.0	0
295	1469.297014951706	1.9460279146830244	1.0	25.8500%
296	1476.9072000980377	1.9453161319096883	1.0	25.6400%
297	1484.4979321956635	1.8948277711868287	1.0	25.7000%
298	1492.5467548370361	1.9504705429077152	1.0	26.0700%
299	1500.0627727508545	1.9665194988250732	1.0	26.4000%
300	1507.627394914627	1.9396739641825358	1.0	0
301	1512.202660560608	1.89325692653656	1.0	0
302	1516.9162380695343	1.927371144294739	1.0	0
303	1521.6273756027222	1.95795996983846	1.0	0
304	1526.2450823783875	1.9756033976872762	1.0	0
305	1530.9247498512268	1.913090356190999	1.0	0
306	1535.8600361347198	1.9519825855890913	1.0	0
307	1540.522955417633	1.9347782532374067	1.0	0
308	1545.149046421051	1.8795847415924072	1.0	0
309	1549.8081138134003	2.021260976791382	1.0	0
310	1554.4764487743378	1.8887068669001263	1.0	0
311	1559.1081948280334	1.947801113128662	1.0	0
312	1563.7334048748016	1.9512258847554522	1.0	0
313	1568.3817038536072	1.9581105868021647	1.0	0
314	1573.115291595459	1.8751130978266397	1.0	0
315	1578.0439240932465	1.9749306360880536	1.0	0
316	1582.65536570549	1.9461538394292197	1.0	0
317	1587.3311796188354	1.9752594391504925	1.0	0
318	1591.8833501338959	1.8836925745010378	1.0	0
319	1596.54540848732	1.9394314845403033	1.0	0
320	1601.2331473827362	2.0118973970413205	1.0	0
321	1605.9119770526886	1.997942312558492	1.0	0
322	1610.70188331604	1.9374225616455079	1.0	0
323	1615.6346473693848	2.003205847740173	1.0	0
324	1620.4936096668243	2.0845253070195513	1.0	0
325	1625.1430983543396	2.0033811171849565	1.0	0
326	1629.7558648586273	2.0750107208887734	1.0	0
327	1634.3570485115051	1.9269537130991616	1.0	0
328	1639.0109641551971	1.94391032854716	1.0	0
329	1643.5858480930328	1.9969731728235882	1.0	0
330	1648.2615773677826	2.0322317043940226	1.0	0
331	1652.9619538784027	1.9600224335988363	1.0	0
332	1657.6450307369232	1.9742724418640138	1.0	0
333	1662.4676945209503	2.08417325814565	1.0	0
334	1667.1722972393036	1.9527222474416097	1.0	0
335	1671.815264225006	1.9913420518239338	1.0	0
336	1676.3562824726105	1.8701699495315551	1.0	0
337	1680.9570591449738	2.121049650510152	1.0	0
338	1685.5969285964966	1.8714390277862547	1.0	0
339	1690.236088514328	1.9738299051920571	1.0	0
340	1694.8707818984985	1.9756896575291951	1.0	0
341	1699.515088558197	1.9814093271891278	1.0	0
342	1704.3925185203552	2.029486910502116	1.0	0
343	1708.9239938259125	1.8628028790156046	1.0	0
344	1713.5023231506348	1.9457864125569662	1.0	0
345	1718.1805186271667	2.0130542675654093	1.0	27.3900%
346	1725.692767381668	1.9185747623443605	1.0	27.7200%
347	1733.232017993927	1.9596565961837769	1.0	28.0200%
348	1740.7739987373352	2.007521343231201	1.0	28.3300%
349	1748.8631064891815	2.1127769549687705	1.0	28.6900%
350	1756.4143657684326	2.008091481526692	1.0	0
351	1760.9542562961578	1.8911959091822306	1.0	0
352	1765.5367593765259	2.056131807963053	1.0	0
353	1770.14830493927	1.8956952810287475	1.0	0
354	1774.813469171524	1.8772970596949259	1.0	0
355	1779.5283915996552	1.9318897644678752	1.0	0
356	1784.7599427700043	1.951771585146586	1.0	0
357	1789.8783452510834	1.8780638058980306	1.0	0
358	1794.5570657253265	1.9441393534342448	1.0	0
359	1799.1907229423523	1.9575093269348143	1.0	0
360	1803.7551820278168	1.9818406422932942	1.0	0
361	1808.3604879379272	2.0384650071461996	1.0	0
362	1812.9764969348907	2.0287715196609497	1.0	0
363	1817.6750264167786	1.8738682587941486	1.0	0
364	1822.3560268878937	1.9947648286819462	1.0	0
365	1827.0801968574524	1.965543031692505	1.0	0
366	1831.8600912094116	1.8792173544565833	1.0	0
367	1836.5293288230896	2.004818526903788	1.0	0
368	1841.1261167526245	2.0566959301630656	1.0	0
369	1845.7612481117249	1.9380845626195273	1.0	0
370	1850.3384504318237	1.9984668652216593	1.0	0
371	1854.9055485725403	2.121587133407593	1.0	0
372	1859.523663520813	2.010259366035462	1.0	0
373	1864.0948288440704	2.0514896313349404	1.0	0
374	1868.7147753238678	1.9870002667109172	1.0	0
375	1873.5499906539917	1.9847128073374434	1.0	0
376	1878.1953840255737	2.0529608329137163	1.0	0
377	1882.8440754413605	1.9312705278396607	1.0	0
378	1887.4428679943085	1.966303022702535	1.0	0
379	1892.096302986145	1.9234108289082845	1.0	0
380	1896.7704334259033	2.0332536061604816	1.0	0
381	1901.4319491386414	1.854751976331075	1.0	0
382	1906.0438830852509	1.9676541725794472	1.0	0
383	1910.6749925613403	1.904898460706075	1.0	0
384	1915.5338349342346	1.9041486581166587	1.0	0
385	1920.1884899139404	2.0207788785298666	1.0	0
386	1924.6395161151886	2.05815581480662	1.0	0
387	1929.249430656433	2.0271973689397176	1.0	0
388	1934.1098563671112	2.0773828665415444	1.0	0
389	1938.8975887298584	2.2473018566767373	1.0	0
390	1943.525902748108	2.1850890954335527	1.0	0
391	1948.1169745922089	2.145598967870076	1.0	0
392	1952.7366931438446	2.0825061798095703	1.0	0
393	1957.6263127326965	2.070835590362549	1.0	0
394	1962.2446947097778	2.0825804789861047	1.0	0
395	1966.8392684459686	2.1391374905904135	1.0	25.5800%
396	1974.4246926307678	2.1926509380340575	1.0	26.3100%
397	1981.964646100998	2.0490067323048913	1.0	26.9800%
398	1989.5509264469147	2.155544265111288	1.0	27.7400%
399	1997.3689770698547	2.1042427619298296	1.0	28.1300%
400	2004.8683094978333	2.158561380704244	1.0	0
401	2009.409544467926	2.046665898958842	1.0	0
402	2014.0739364624023	2.1636748472849527	1.0	0
403	2018.6633741855621	2.022833450635274	1.0	0
404	2023.2708141803741	2.021036219596863	1.0	0
405	2027.8594996929169	1.9203547318776448	1.0	0
406	2032.4558877944946	2.082939918835958	1.0	0
407	2037.11749625206	2.014930200576782	1.0	0
408	2042.1487283706665	1.944153372446696	1.0	0
409	2046.7642300128937	1.9596696535746256	1.0	0
410	2051.4391872882843	1.9937895377477013	1.0	0
411	2056.061404466629	1.9531820138295493	1.0	0
412	2060.6943929195404	1.9262712955474854	1.0	0
413	2065.346613883972	1.9756790637969972	1.0	0
414	2069.92538523674	1.9242215394973756	1.0	0
415	2074.55561876297	1.9842283487319945	1.0	0
416	2079.1684131622314	2.194379528363546	1.0	0
417	2083.9737548828125	2.3706565300623574	1.0	0
418	2088.6270179748535	2.277490933736165	1.0	0
419	2093.3141169548035	2.218724632263184	1.0	0
420	2097.9115455150604	2.3267171541849776	1.0	0
421	2102.546707868576	2.4403917074203485	1.0	0
422	2107.213182449341	2.2863138834635417	1.0	0
423	2111.831307888031	2.3700876474380492	1.0	0
424	2116.4028022289276	2.198390205701192	1.0	0
425	2121.035875082016	2.392468738555908	1.0	0
426	2126.0222125053406	2.42431792418162	1.0	0
427	2130.6696178913116	2.3943408409754436	1.0	0
428	2135.2686076164246	2.2469024578730266	1.0	0
429	2139.9269235134125	2.1787146091461183	1.0	0
430	2144.5248608589172	2.1997822443644206	1.0	0
431	2149.133487701416	2.099774765968323	1.0	0
432	2153.761750459671	2.0759983142217	1.0	0
433	2158.362335920334	1.9749043146769207	1.0	0
434	2162.909084558487	2.1460779349009194	1.0	0
435	2167.6883656978607	2.0777985095977787	1.0	0
436	2172.3068192005157	1.9864017089207966	1.0	0
437	2176.901205301285	2.0351612806320194	1.0	0
438	2181.584949731827	2.0083891312281286	1.0	0
439	2186.1192429065704	1.938604227701823	1.0	0
440	2190.819412946701	2.07205851872762	1.0	0
441	2195.5029191970825	1.9926924705505367	1.0	0
442	2200.0739793777466	1.863777049382528	1.0	0
443	2204.631437063217	2.058062442143758	1.0	0
444	2209.839014530182	2.0520252148310343	1.0	0
445	2214.517464160919	2.137121399243673	1.0	28.9100%
446	2222.0456960201263	2.0320240894953416	1.0	28.8700%
447	2229.641339302063	2.0482437133789064	1.0	28.8500%
448	2237.236220598221	2.013438733418783	1.0	28.7400%
449	2244.7733085155487	2.1172423362731934	1.0	28.5500%
450	2252.814660549164	2.0950525840123495	1.0	0
451	2257.391741037369	2.056932536760966	1.0	0
452	2262.0340342521667	2.132059144973755	1.0	0
453	2266.653431415558	2.152480316162109	1.0	0
454	2271.3131482601166	2.026204148928324	1.0	0
455	2275.9459726810455	2.1159844398498535	1.0	0
456	2280.526533842087	2.1101183970769246	1.0	0
457	2285.1801438331604	2.062044620513916	1.0	0
458	2289.775309085846	2.2503485043843585	1.0	0
459	2294.8319132328033	2.111748838424683	1.0	0
460	2299.485871076584	2.1273272673288983	1.0	0
461	2304.165328025818	2.1616568009058637	1.0	0
462	2308.8852570056915	2.1349920829137172	1.0	0
463	2313.5129380226135	2.091483402252197	1.0	0
464	2318.1512730121613	2.0774457931518557	1.0	0
465	2322.8295781612396	2.0258711576461796	1.0	0
466	2327.536421775818	2.010480562845866	1.0	0
467	2332.2797362804413	2.1268728653589886	1.0	0
468	2337.6953024864197	1.9935606320699057	1.0	0
469	2342.370002269745	2.034720087051392	1.0	0
470	2347.0610880851746	1.974987840652466	1.0	0
471	2351.7111287117004	2.005645203590393	1.0	0
472	2356.3581919670105	2.0284560362497963	1.0	0
473	2360.932156562805	1.8918596267700198	1.0	0
474	2365.6151554584503	1.9931799650192261	1.0	0
475	2370.264832019806	1.8361272255579626	1.0	0
476	2374.9737362861633	2.0095855236053466	1.0	0
477	2380.422216653824	2.112651983896891	1.0	0
478	2385.045333623886	1.9616481145222981	1.0	0
479	2389.5952191352844	2.012516490618388	1.0	0
480	2394.2240629196167	1.9963498353958133	1.0	0
481	2398.787879705429	2.106454690297445	1.0	0
482	2403.4729464054108	2.1080991983413697	1.0	0
483	2408.133102416992	2.091973145802816	1.0	0
484	2412.8592779636383	2.109208305676778	1.0	0
485	2417.470905303955	2.01297299861908	1.0	0
486	2422.6526384353638	2.10597239335378	1.0	0
487	2427.263255596161	2.0883148829142253	1.0	0
488	2431.9809205532074	2.0338188886642454	1.0	0
489	2436.5640654563904	2.1190330425898236	1.0	0
490	2441.2206315994263	1.963455088933309	1.0	0
491	2445.8206515312195	1.9223659912745157	1.0	0
492	2450.4398901462555	2.060941537221273	1.0	0
493	2455.060948371887	2.0219353596369425	1.0	0
494	2459.6172227859497	2.0237162987391155	1.0	0
495	2464.588448524475	2.074749318758647	1.0	30.3100%
496	2472.1375229358673	2.1090181827545167	1.0	30.4400%
497	2479.766348838806	1.8999826987584432	1.0	30.4200%
498	2487.3160412311554	1.9493228117624917	1.0	30.7000%
499	2494.889589548111	1.9450384696324667	1.0	30.8700%
500	2502.379232645035	2.0003360907236734	1.0	0
501	2507.4521718025208	1.9925178686777751	1.0	0
502	2512.0783190727234	2.061956286430359	1.0	0
503	2516.7414174079895	2.2601700385411583	1.0	0
504	2521.4173395633698	1.9702624559402462	1.0	0
505	2525.9909625053406	1.9406282663345338	1.0	0
506	2530.672993659973	1.9251605908075968	1.0	0
507	2535.3193819522858	2.0172194798787433	1.0	0
508	2539.9351959228516	1.9561461607615156	1.0	0
509	2544.5306675434113	1.8902406136194865	1.0	0
510	2549.750005722046	1.9828954299290977	1.0	0
511	2554.476481437683	1.9017362515131633	1.0	0
512	2559.135768175125	1.9411280790964762	1.0	0
513	2563.7922043800354	1.952708888053894	1.0	0
514	2568.4479460716248	2.01863907178243	1.0	0
515	2572.77202296257	2.8272634029388426	1.0	0
516	2577.4088292121887	2.142062441507975	1.0	0
517	2582.058103084564	2.0656749963760377	1.0	0
518	2586.6935238838196	2.247643001874288	1.0	0
519	2591.7133111953735	2.1916302998860675	1.0	0
520	2596.3845567703247	2.23531813621521	1.0	0
521	2601.045665740967	2.069893296559652	1.0	0
522	2605.684339284897	2.189956871668498	1.0	0
523	2610.328348636627	2.2989248514175418	1.0	0
524	2614.9522697925568	2.244765615463257	1.0	0
525	2619.5861916542053	2.3808795690536506	1.0	0
526	2624.2631912231445	2.224132521947225	1.0	0
527	2628.952483892441	2.0323814551035566	1.0	0
528	2633.936779975891	2.0411029577255246	1.0	0
529	2638.5740852355957	2.0750420173009236	1.0	0
530	2643.2666811943054	2.0958287556966146	1.0	0
531	2647.885841369629	2.036325748761495	1.0	0
532	2652.556025981903	2.016078241666158	1.0	0
533	2657.201047182083	1.8093267599741618	1.0	0
534	2661.854933977127	2.108947316805522	1.0	0
535	2666.473546743393	2.0110699971516928	1.0	0
536	2671.136783361435	1.9150923013687136	1.0	0
537	2675.9789292812347	1.8415201822916671	1.0	0
538	2680.651556968689	1.921738815307617	1.0	0
539	2685.3337230682373	1.9300900697708128	1.0	0
540	2689.949142932892	1.9847320636113484	1.0	0
541	2694.5377724170685	1.9799822648366296	1.0	0
542	2699.1443421840668	1.8892140388488767	1.0	0
543	2703.7935705184937	2.0418163537979126	1.0	0
544	2708.3962531089783	1.843897493680318	1.0	0
545	2713.027948141098	2.0856067021687825	1.0	28.9500%
546	2720.882032394409	2.0219470342000325	1.0	29.0500%
547	2728.5053565502167	2.0255929708480838	1.0	29.0400%
548	2736.019359588623	2.1601100047429407	1.0	28.7900%
549	2743.576430797577	2.009534780184428	1.0	28.8700%
550	2751.09379529953	2.0864175240198772	1.0	0
551	2755.7025566101074	1.9825085322062175	1.0	0
552	2761.0356986522675	1.8963381210962933	1.0	0
553	2765.647593975067	1.9010539690653483	1.0	0
554	2770.2328090667725	1.8691612482070923	1.0	0
555	2774.8771755695343	2.0205093463261923	1.0	0
556	2779.5327661037445	1.907214387257894	1.0	0
557	2784.1490426063538	1.9879350105921427	1.0	0
558	2788.7574894428253	1.877666155497233	1.0	0
559	2793.406392812729	1.9514155626296998	1.0	0
560	2798.0409626960754	1.8891520500183108	1.0	0
561	2803.3232007026672	1.9189736445744832	1.0	0
562	2807.906409263611	1.8344906489054362	1.0	0
563	2812.5250322818756	1.7682640155156455	1.0	0
564	2817.189713001251	1.8773767709732057	1.0	0
565	2821.84672999382	1.9261892318725586	1.0	0
566	2826.4651067256927	2.014273182551066	1.0	0
567	2831.084801673889	1.8615814208984376	1.0	0
568	2835.6990597248077	1.88069228331248	1.0	0
569	2840.2880091667175	1.948146692911784	1.0	0
570	2845.690755844116	1.8112002690633138	1.0	0
571	2850.2661492824554	1.8455367962519327	1.0	0
572	2854.915120601654	1.9616217692693076	1.0	0
573	2859.5249586105347	1.943391688664754	1.0	0
574	2864.089408159256	1.8964530785878497	1.0	0
575	2868.7374041080475	1.9151313622792563	1.0	0
576	2873.397604227066	1.9574570814768473	1.0	0
577	2877.995462656021	1.8755753437678018	1.0	0
578	2882.60364818573	1.9124894301096595	1.0	0
579	2887.7982013225555	1.8713205416997274	1.0	0
580	2892.3946237564087	1.8876505692799885	1.0	0
581	2897.020980358124	1.9624367157618205	1.0	0
582	2901.628832101822	1.9962044239044188	1.0	0
583	2906.244961500168	1.8622321208318076	1.0	0
584	2910.8940167427063	1.944013484319051	1.0	0
585	2915.502772092819	1.91172444820404	1.0	0
586	2920.186712741852	1.869792914390564	1.0	0
587	2924.781415939331	1.9091773430506387	1.0	0
588	2930.148703098297	1.9274014790852863	1.0	0
589	2934.765820980072	1.9053733746210737	1.0	0
590	2939.4633996486664	1.8629585027694704	1.0	0
591	2944.088398694992	1.9176449219385783	1.0	0
592	2948.802005290985	1.861397163073222	1.0	0
593	2953.3877580165863	1.8796495993932085	1.0	0
594	2958.0604135990143	1.9483279943466187	1.0	0
595	2962.7630772590637	1.9635056177775065	1.0	29.3100%
596	2970.9384372234344	1.8005292415618894	1.0	29.0700%
597	2978.5119676589966	1.9758106231689454	1.0	28.8400%
598	2986.037923812866	1.847805579503377	1.0	28.6600%
599	2993.5837779045105	2.046204288800557	1.0	28.2000%
600	3001.1363849639893	2.070464865366618	1.0	0
601	3005.801943540573	1.9190403620402023	1.0	0
602	3010.4625289440155	1.9615669250488281	1.0	0
603	3015.5586109161377	1.9725342830022177	1.0	0
604	3020.168919324875	1.919389231999715	1.0	0
605	3024.8206572532654	1.9081978559494015	1.0	0
606	3029.4496829509735	1.9061907052993778	1.0	0
607	3034.0824797153473	1.896618016560872	1.0	0
608	3038.750121116638	1.8741815090179443	1.0	0
609	3043.3792045116425	2.0981175740559896	1.0	0
610	3048.207766532898	2.194115344683329	1.0	0
611	3053.276206970215	2.0365226268768306	1.0	0
612	3058.3102989196777	2.2863218625386557	1.0	0
613	3062.943516969681	2.2714202404022217	1.0	0
614	3067.544713973999	2.110796856880188	1.0	0
615	3072.1877875328064	2.277925666173299	1.0	0
616	3076.7614707946777	2.1713122765223183	1.0	0
617	3081.3848943710327	2.0954793214797975	1.0	0
618	3086.017067670822	2.1530352274576825	1.0	0
619	3090.5646421909332	2.2083840926488243	1.0	0
620	3095.2298617362976	2.141067902247111	1.0	0
621	3100.3436324596405	2.0330957412719726	1.0	0
622	3105.0899426937103	1.9293099244435625	1.0	0
623	3109.643862724304	1.959733494122823	1.0	0
624	3114.280258655548	1.9132743358612063	1.0	0
625	3118.912810087204	2.1374485810597736	1.0	0
626	3123.5110812187195	1.913258941968282	1.0	0
627	3128.187702894211	1.8564540147781372	1.0	0
628	3132.816320180893	2.0031421184539795	1.0	0
629	3138.0082261562347	1.949048145612081	1.0	0
630	3142.908735513687	1.9341078599294024	1.0	0
631	3147.56152176857	2.100931088129679	1.0	0
632	3152.196189403534	2.1492834091186523	1.0	0
633	3156.754091024399	2.2562924226125083	1.0	0
634	3161.3660712242126	2.137997158368428	1.0	0
635	3166.0820128917694	2.2013358354568484	1.0	0
636	3170.7028210163116	2.130206386248271	1.0	0
637	3175.2825450897217	2.1457233905792235	1.0	0
638	3180.855686903	2.199881021181742	1.0	0
639	3185.480481147766	2.08493656317393	1.0	0
640	3190.0947806835175	2.1159087498982747	1.0	0
641	3194.727839946747	2.123204223314921	1.0	0
642	3199.3341369628906	2.2567233641942344	1.0	0
643	3203.9738149642944	2.4625439087549847	1.0	0
644	3208.3725452423096	2.690953962008158	1.0	0
645	3212.9509670734406	2.548844798405965	1.0	25.6100%
646	3220.4952692985535	2.8361995617548628	1.0	25.3000%
647	3228.7921330928802	2.6265277624130254	1.0	25.3900%
648	3236.31293964386	2.530232230822245	1.0	25.6700%
649	3243.83997297287	2.589317790667216	1.0	26.0300%
650	3251.3725559711456	2.7304426829020185	1.0	0
651	3255.9883568286896	2.641141414642334	1.0	0
652	3260.619017124176	2.7332814534505214	1.0	0
653	3265.4823880195618	2.436079184214274	1.0	0
654	3270.059582710266	2.3637364705403647	1.0	0
655	3274.72566986084	2.4622364441553755	1.0	0
656	3279.3586885929108	2.417944431304931	1.0	0
657	3284.034260749817	2.0912134885787963	1.0	0
658	3288.6413877010345	2.021459635098775	1.0	0
659	3293.288213968277	2.0048789819081625	1.0	0
660	3297.9407761096954	2.0945273399353024	1.0	0
661	3302.542490005493	2.13521146774292	1.0	0
662	3307.593692779541	2.124865420659383	1.0	0
663	3312.273738861084	2.5199182907740276	1.0	0
664	3316.935150384903	2.325860913594564	1.0	0
665	3321.5350596904755	2.651588718096415	1.0	0
666	3326.111498117447	2.5268127044041946	1.0	0
667	3330.683081150055	2.6482700824737555	1.0	0
668	3335.2506556510925	3.012599658966064	1.0	0
669	3339.83415722847	2.7582637151082356	1.0	0
670	3344.500378847122	2.969758605957032	1.0	0
671	3349.528640985489	2.934232552846273	1.0	0
672	3354.2879679203033	3.0547156810760496	1.0	0
673	3358.9831807613373	2.997510226567586	1.0	0
674	3363.6255502700806	2.8838005622227985	1.0	0
675	3368.252547264099	3.294424438476563	1.0	0
676	3373.0943145751953	3.2734818220138546	1.0	0
677	3377.918411254883	2.698019790649414	1.0	0
678	3382.5712826251984	3.3551874637603754	1.0	0
679	3387.1874265670776	3.3299492200215663	1.0	0
680	3391.959852695465	3.5337654908498135	1.0	0
681	3396.805901527405	4.119306993484496	1.0	0
682	3401.406179666519	3.878502225875855	1.0	0
683	3406.024230003357	3.570261462529501	1.0	0
684	3410.6059210300446	3.352477089564006	1.0	0
685	3415.250527858734	3.2758546272913613	1.0	0
686	3419.9531750679016	2.974799211819966	1.0	0
687	3424.506534576416	3.3276393175125123	1.0	0
688	3429.2021255493164	2.7734415531158447	1.0	0
689	3434.3143680095673	2.859897502263387	1.0	0
690	3439.241055250168	2.908111810684204	1.0	0
691	3443.936832666397	3.030988836288452	1.0	0
692	3448.5799453258514	3.032207791010539	1.0	0
693	3453.2090668678284	3.024492422739664	1.0	0
694	3457.8060159683228	2.997248983383179	1.0	0
695	3462.45672082901	3.083981227874756	1.0	21.2300%
696	3469.995562314987	3.065320173899332	1.0	21.3800%
697	3478.167224407196	2.88672776222229	1.0	21.6600%
698	3485.7412667274475	2.708707316716512	1.0	22.2900%
699	3493.2640397548676	3.156280771891277	1.0	23.0900%
700	3500.722685098648	2.6268616994222	1.0	0
701	3505.3455283641815	2.7539347330729163	1.0	0
702	3509.9815328121185	3.0711424191792807	1.0	0
703	3514.5517818927765	3.0747162977854408	1.0	0
704	3519.960991859436	3.1107063213984167	1.0	0
705	3524.5921919345856	3.8513707160949706	1.0	0
706	3529.209055662155	3.903893248240153	1.0	0
707	3533.8850150108337	4.002604802449544	1.0	0
708	3538.640112400055	4.197985235850017	1.0	0
709	3543.2720584869385	3.6096954027811683	1.0	0
710	3547.9176597595215	3.455381298065186	1.0	0
711	3552.5233070850372	3.377610492706299	1.0	0
712	3557.186465024948	3.2034040292104087	1.0	0
713	3562.344041824341	3.0767229557037346	1.0	0
714	3566.9504408836365	3.0635022401809695	1.0	0
715	3571.5521643161774	3.0344172795613606	1.0	0
716	3576.227594614029	2.728076585133871	1.0	0
717	3580.8419122695923	2.5952543735504148	1.0	0
718	3585.4544088840485	2.4038527806599936	1.0	0
719	3590.1442062854767	2.340203444163005	1.0	0
720	3594.801684141159	2.327517549196879	1.0	0
721	3599.4269552230835	2.3575379848480225	1.0	0
722	3604.333017349243	2.270279884338379	1.0	0
723	3609.0037381649017	2.3576014439264936	1.0	0
724	3613.740838766098	2.590415461858113	1.0	0
725	3618.375650167465	2.525576066970825	1.0	0
726	3622.9921369552612	2.417526427904765	1.0	0
727	3627.6289806365967	2.4226504405339555	1.0	0
728	3632.2959451675415	2.6142437299092616	1.0	0
729	3636.8633902072906	2.759016354878744	1.0	0
730	3641.445390224457	3.059086545308431	1.0	0
731	3646.3509545326233	3.205122184753418	1.0	0
732	3651.028720140457	2.986146036783855	1.0	0
733	3655.6518001556396	3.189732265472412	1.0	0
734	3660.2990794181824	3.4054712136586502	1.0	0
735	3664.9403336048126	3.529008690516154	1.0	0
736	3669.5730907917023	4.032789929707845	1.0	0
737	3674.1694021224976	4.173134581247965	1.0	0
738	3678.8482439517975	4.462029774983724	1.0	0
739	3683.504107236862	4.1671336650848385	1.0	0
740	3688.2706644535065	4.465620390574137	1.0	0
741	3692.947568655014	3.72079496383667	1.0	0
742	3697.8028197288513	3.7577173233032224	1.0	0
743	3702.653433561325	3.916732788085938	1.0	0
744	3707.2763245105743	3.9909442265828448	1.0	0
745	3711.8970284461975	3.5047668139139807	1.0	16.6500%
746	3719.4449265003204	3.3229964574178066	1.0	15.7600%
747	3727.000604867935	3.1860700448354087	1.0	16.1600%
748	3735.1997883319855	3.1384463946024583	1.0	16.3900%
749	3742.7912657260895	3.2222474733988444	1.0	16.7500%
750	3750.3170998096466	3.1938486893971763	1.0	0
751	3754.969729423523	3.4664906978607175	1.0	0
752	3759.6052708625793	3.6810766537984208	1.0	0
753	3764.220542907715	3.714803632100423	1.0	0
754	3768.871153116226	3.4028928279876713	1.0	0
755	3774.1023507118225	3.5874312718709307	1.0	0
756	3778.797218322754	3.6645726044972737	1.0	0
757	3783.4265642166138	3.6741392135620115	1.0	0
758	3787.9973797798157	3.570067405700684	1.0	0
759	3792.648692846298	3.484267807006836	1.0	0
760	3797.245969057083	3.941436100006104	1.0	0
761	3801.8731248378754	3.619069226582845	1.0	0
762	3806.4664418697357	3.5549645741780598	1.0	0
763	3811.078944683075	3.3272500038146973	1.0	0
764	3816.46160030365	4.007655525207519	1.0	0
765	3821.0900814533234	4.410060707728069	1.0	0
766	3825.738564491272	4.820410569508871	1.0	0
767	3830.316564321518	5.557842604319254	1.0	0
768	3834.9902572631836	4.786639229456584	1.0	0
769	3839.6265053749084	6.299271027247111	1.0	0
770	3844.2777280807495	6.006574408213297	1.0	0
771	3848.840132713318	6.444366836547853	1.0	0
772	3853.4178564548492	5.964607477188111	1.0	0
773	3858.3915123939514	5.959687797228496	1.0	0
774	3863.0901675224304	6.722189490000407	1.0	0
775	3867.74259185791	6.025275246302288	1.0	0
776	3872.368593454361	5.083823315302531	1.0	0
777	3877.0026416778564	5.193213033676147	1.0	0
778	3881.6641805171967	4.759328810373942	1.0	0
779	3886.3462283611298	4.667851940790813	1.0	0
780	3891.0136394500732	4.593470335006714	1.0	0
781	3895.547361135483	4.435773054758708	1.0	0
782	3900.743305206299	4.609264214833577	1.0	0
783	3905.3732883930206	4.460917901992798	1.0	0
784	3909.968554496765	3.983961629867554	1.0	0
785	3914.646596431732	4.186660893758138	1.0	0
786	3919.313298225403	3.9094264348347982	1.0	0
787	3923.9769134521484	4.29441843032837	1.0	0
788	3928.636339902878	4.862458101908366	1.0	0
789	3933.2544162273407	5.924320793151856	1.0	0
790	3937.892191171646	7.822280089060465	1.0	0
791	3942.874541759491	9.132172139485677	1.0	0
792	3947.5011048316956	9.129129314422608	1.0	0
793	3952.097758293152	7.896934986114503	1.0	0
794	3956.750736474991	9.011279122034711	1.0	0
795	3961.429319381714	7.376966587702434	1.0	21.9900%
796	3968.9882805347443	6.900004275639853	1.0	21.7700%
797	3976.569568634033	7.665846411387126	1.0	21.3600%
798	3984.169289588928	9.018053913116454	1.0	20.8300%
799	3991.9171941280365	8.166760317484538	1.0	20.5300%
800	3999.4088928699493	9.850627462069195	1.0	0
801	4003.9733209609985	9.407705799738565	1.0	0
802	4008.5355892181396	9.846227661768596	1.0	0
803	4013.1484200954437	7.535168155034382	1.0	0
804	4017.7271468639374	9.527222299575806	1.0	0
805	4022.3967101573944	7.876396640141804	1.0	0
806	4027.2414491176605	7.7216417153676336	1.0	0
807	4031.8979585170746	7.720837132136028	1.0	0
808	4036.5219345092773	8.773937273025512	1.0	0
809	4041.1294481754303	8.947279326121011	1.0	0
810	4045.719113588333	11.392741711934407	1.0	0
811	4050.3266882896423	10.913312403361003	1.0	0
812	4054.9348242282867	11.133489433924359	1.0	0
813	4059.533045768738	12.897834396362306	1.0	0
814	4064.1434264183044	8.131334209442139	1.0	0
815	4069.2545189857483	7.978471946716309	1.0	0
816	4073.867652654648	6.153483581542968	1.0	0
817	4078.513238430023	5.666616948445638	1.0	0
818	4083.139387369156	4.5996812820434565	1.0	0
819	4087.8024122714996	4.316089407602947	1.0	0
820	4092.5179114341736	3.9495197614034017	1.0	0
821	4097.158621788025	3.728455130259196	1.0	0
822	4101.746014595032	3.322418141365051	1.0	0
823	4106.437682151794	3.2801960150400795	1.0	0
824	4111.67974114418	3.560554917653402	1.0	0
825	4116.3553721904755	3.498255062103271	1.0	0
826	4120.96056842804	3.687280241648356	1.0	0
827	4125.521920204163	4.057850042978923	1.0	0
828	4130.176463842392	4.231180636088053	1.0	0
829	4134.769681930542	4.85975414911906	1.0	0
830	4139.417494297028	4.393602339426676	1.0	0
831	4144.047952890396	4.884955771764119	1.0	0
832	4148.7356922626495	4.791346947352092	1.0	0
833	4153.808001041412	5.1770841598510735	1.0	0
834	4158.39256978035	5.6577125231424965	1.0	0
835	4162.947279214859	6.185665321350098	1.0	0
836	4167.572479724884	6.089633019765218	1.0	0
837	4172.2045023441315	6.299684143066407	1.0	0
838	4176.8363881111145	6.444528039296468	1.0	0
839	4181.442876577377	7.37302958170573	1.0	0
840	4186.061621665955	7.71710532506307	1.0	0
841	4190.674817562103	7.04431168238322	1.0	0
842	4195.915128469467	6.628427282969157	1.0	0
843	4200.525585889816	7.3916431744893405	1.0	0
844	4205.1302218437195	6.692573547363281	1.0	0
845	4209.815207958221	5.35962300300598	1.0	13.5800%
846	4217.341396570206	5.916399796803793	1.0	13.8700%
847	4224.950386285782	5.154260206222534	1.0	14.5400%
848	4232.487061738968	5.021712382634481	1.0	15.0100%
849	4240.591397285461	5.356729682286581	1.0	15.4700%
850	4248.181812763214	4.337913990020751	1.0	0
851	4252.80145072937	5.104283173878987	1.0	0
852	4257.478235721588	5.511148262023926	1.0	0
853	4262.083782911301	6.090166918436686	1.0	0
854	4266.718262910843	6.192742904027304	1.0	0
855	4271.286752939224	5.78472448984782	1.0	0
856	4275.906373739243	6.047854200998942	1.0	0
857	4281.1736972332	6.7008943875630695	1.0	0
858	4285.828027486801	7.0660721460978175	1.0	0
859	4290.401767253876	7.266296768188475	1.0	0
860	4295.083473443985	6.555497884750366	1.0	0
861	4299.692672252655	6.784267473220825	1.0	0
862	4304.279092311859	7.957651233673096	1.0	0
863	4308.8892114162445	7.293255456288657	1.0	0
864	4313.484668970108	7.6213872114817285	1.0	0
865	4318.088881969452	7.325768359502156	1.0	0
866	4322.9559988975525	8.686516571044923	1.0	0
867	4327.557754993439	8.229336261749268	1.0	0
868	4332.185024499893	9.704811827341715	1.0	0
869	4336.796490907669	10.080293210347493	1.0	0
870	4341.424779891968	11.840508365631104	1.0	0
871	4346.03573346138	11.421744632720946	1.0	0
872	4350.604975223541	13.8465132077535	1.0	0
873	4355.321790456772	11.691371122996014	1.0	0
874	4359.931739091873	13.038242212931316	1.0	0
875	4365.439914226532	13.366978613535563	1.0	0
876	4370.053001403809	12.480970859527588	1.0	0
877	4374.711174488068	13.030898729960123	1.0	0
878	4379.31654548645	13.935367584228516	1.0	0
879	4383.978546619415	12.486044343312582	1.0	0
880	4388.611912727356	10.798074340820312	1.0	0
881	4393.239199399948	10.695624605814615	1.0	0
882	4397.910562992096	8.967721827824908	1.0	0
883	4402.557457923889	9.518756898244222	1.0	0
884	4407.504950761795	9.713393274943034	1.0	0
885	4412.15371131897	8.913102118174235	1.0	0
886	4416.840005874634	8.784516080220541	1.0	0
887	4421.489832162857	7.49730936686198	1.0	0
888	4426.066204071045	7.784333737691244	1.0	0
889	4430.743042945862	10.245782566070556	1.0	0
890	4435.39795255661	7.636301771799722	1.0	0
891	4439.986020565033	8.142530059814453	1.0	0
892	4444.590327739716	10.071615250905355	1.0	0
893	4449.8966336250305	10.927207946777342	1.0	0
894	4454.508571386337	11.330875809987385	1.0	0
895	4459.1780598163605	10.830769697825117	1.0	12.1400%
896	4466.73712515831	12.889916610717773	1.0	11.8500%
897	4474.303608179092	12.436091899871826	1.0	11.9400%
898	4481.881331443787	15.220666885375977	1.0	13.0000%
899	4489.473580121994	14.339599418640137	1.0	13.6300%
900	4497.633298873901	16.781752904256187	1.0	0
901	4502.284625291824	15.281424490610757	1.0	0
902	4506.6906061172485	18.24926996231079	1.0	0
903	4511.367933988571	15.53486194610596	1.0	0
904	4515.974609613419	13.677378273010254	1.0	0
905	4520.579547166824	12.478233782450358	1.0	0
906	4525.171030044556	12.058203633626302	1.0	0
907	4529.76216673851	10.305234718322755	1.0	0
908	4534.592939376831	11.94376344680786	1.0	0
909	4539.196179628372	12.883756764729815	1.0	0
910	4543.898074388504	12.929610029856367	1.0	0
911	4548.9436211586	11.808523464202882	1.0	0
912	4553.536686420441	14.256929715474445	1.0	0
913	4558.795380353928	13.509046363830565	1.0	0
914	4563.442133903503	15.006856536865234	1.0	0
915	4568.418393135071	16.081015459696452	1.0	0
916	4573.259815454483	16.40891431172689	1.0	0
917	4577.832562446594	16.97788009643555	1.0	0
918	4582.698513507843	18.46429036458333	1.0	0
919	4587.3623950481415	17.71716868082682	1.0	0
920	4592.681689739227	19.009367434183755	1.0	0
921	4597.356828212738	20.18270765940348	1.0	0
922	4602.656232118607	22.610900942484538	1.0	0
923	4607.293133020401	23.9639645576477	1.0	0
924	4612.488795042038	22.57696603139242	1.0	0
925	4617.1587336063385	29.17109502156576	1.0	0
926	4621.887670993805	26.432190577189132	1.0	0
927	4627.147464990616	26.93270969390869	1.0	0
928	4631.760771751404	20.92339626948039	1.0	0
929	4637.181907892227	24.82460088729858	1.0	0
930	4641.801125049591	23.236152299245198	1.0	0
931	4647.099852323532	22.760423151652017	1.0	0
932	4651.79638004303	35.364409319559726	1.0	0
933	4656.900658369064	30.745460510253906	1.0	0
934	4661.551214456558	23.879990895589195	1.0	0
935	4666.7753138542175	27.23821601867676	1.0	0
936	4671.4151203632355	22.582339541117353	1.0	0
937	4676.132147312164	23.146796258290607	1.0	0
938	4680.855956554413	28.173056284586586	1.0	0
939	4685.52740073204	23.690130742390952	1.0	0
940	4690.354973554611	30.67892723083496	1.0	0
941	4694.954445838928	26.287998199462887	1.0	0
942	4699.955631494522	29.289792887369796	1.0	0
943	4704.621587753296	34.210470326741536	1.0	0
944	4709.625062942505	27.12687555948893	1.0	0
945	4714.2271955013275	27.59830900828043	1.0	13.8300%
946	4722.285526752472	29.4451109568278	1.0	13.4600%
947	4729.793343782425	28.93231938680013	1.0	13.0100%
948	4737.777667999268	30.146958541870116	1.0	12.4500%
949	4745.4428877830505	31.892591857910155	1.0	12.2000%
950	4753.231761455536	33.30928637186686	1.0	0
951	4757.871358156204	30.26309343973795	1.0	0
952	4762.5731909275055	29.766440963745115	1.0	0
953	4767.472465991974	29.698242823282882	1.0	0
954	4772.1227951049805	34.5179079691569	1.0	0
955	4776.8227479457855	37.24822540283203	1.0	0
956	4781.382951974869	37.87149378458659	1.0	0
957	4786.454027175903	38.346080271403	1.0	0
958	4791.105444431305	36.77827491760253	1.0	0
959	4796.3163068294525	32.30939013163249	1.0	0
960	4801.1730279922485	34.33922106424967	1.0	0
961	4805.776551246643	38.76288782755534	1.0	0
962	4811.0635442733765	37.0727591196696	1.0	0
963	4815.906368255615	35.973072306315096	1.0	0
964	4820.955459833145	32.88553899129232	1.0	0
965	4825.569870710373	42.80833333333333	1.0	0
966	4830.399619340897	49.61047719319661	1.0	0
967	4835.048393011093	55.70255559285482	1.0	0
968	4840.2492706775665	57.124505615234376	1.0	0
969	4844.895812988281	52.94893035888672	1.0	0
970	4850.059171676636	53.866876729329434	1.0	0
971	4854.83211350441	58.164006296793616	1.0	0
972	4859.517838716507	60.74149983723959	1.0	0
973	4864.871373176575	71.28853607177736	1.0	0
974	4869.475346565247	61.048526255289715	1.0	0
975	4874.60397028923	65.20213623046875	1.0	0
976	4879.204098939896	55.47496045430503	1.0	0
977	4884.08629155159	64.8675397237142	1.0	0
978	4888.783855438232	63.132732391357415	1.0	0
979	4893.555494308472	53.98979632059733	1.0	0
980	4898.237858533859	47.07179183959962	1.0	0
981	4902.997993946075	48.546421178181966	1.0	0
982	4907.833133220673	70.27833862304688	1.0	0
983	4912.459774494171	59.67174504597981	1.0	0
984	4917.805042028427	51.69691009521484	1.0	0
985	4922.489266633987	47.62095896402995	1.0	0
986	4927.259345531464	59.05872650146485	1.0	0
987	4931.84189248085	62.42220179239909	1.0	0
988	4936.859407186508	63.850655364990246	1.0	0
989	4941.535856723785	76.91082127888997	1.0	0
990	4946.0885672569275	96.57362213134765	1.0	0
991	4950.9920608997345	99.76698964436851	1.0	0
992	4955.624174118042	108.21669718424477	1.0	0
993	4960.913488149643	105.27074584960937	1.0	0
994	4965.547321796417	97.87879892985026	1.0	0
995	4970.593905925751	69.04389012654623	1.0	10.3100%
996	4978.185854673386	83.24048792521157	1.0	10.3000%
997	4986.0325338840485	85.07600351969403	1.0	10.1700%
998	4993.911704540253	62.60371119181315	1.0	11.0800%
999	5001.637432098389	58.05656369527181	1.0	11.8500%
1000	5009.2299926280975	84.40623270670574	1.0	0
1001	5014.079068183899	105.19674377441405	1.0	0
1002	5018.745208978653	132.32437286376953	1.0	0
1003	5023.668645143509	152.20249735514324	1.0	0
1004	5028.319300889969	150.46222025553388	1.0	0
1005	5033.268092393875	140.09833780924478	1.0	0
1006	5038.027879953384	111.97190195719399	1.0	0
1007	5042.630086660385	111.99374440511068	1.0	0
1008	5047.633521318436	132.236323038737	1.0	0
1009	5052.2253086566925	135.87179870605468	1.0	0
1010	5057.284617424011	155.48600006103518	1.0	0
1011	5061.933965444565	169.01894632975262	1.0	0
1012	5066.669647455215	192.1563741048177	1.0	0
1013	5071.326722860336	196.03513285319013	1.0	0
1014	5076.326577663422	218.08263041178384	1.0	0
1015	5080.976068973541	218.59578552246094	1.0	0
1016	5085.574730873108	203.37735188802083	1.0	0
1017	5090.525339841843	219.20660705566405	1.0	0
1018	5095.161120414734	198.57259928385415	1.0	0
1019	5100.218205451965	198.20434366861983	1.0	0
1020	5104.919474363327	198.62034606933597	1.0	0
1021	5110.103197336197	227.06548970540362	1.0	0
1022	5114.773998260498	229.93298746744796	1.0	0
1023	5120.200897455215	237.0137491861979	1.0	0
1024	5124.860190868378	200.05086975097657	1.0	0
1025	5129.564641237259	227.25941162109373	1.0	0
1026	5134.796890974045	247.56326090494792	1.0	0
1027	5139.4263207912445	261.99293212890626	1.0	0
1028	5144.692052364349	264.0198028564453	1.0	0
1029	5149.605034828186	234.7081370035807	1.0	0
1030	5155.013474225998	223.26827799479165	1.0	0
1031	5159.406952857971	272.93218790690105	1.0	0
1032	5164.717392206192	274.0086100260417	1.0	0
1033	5169.375104665756	300.7695170084635	1.0	0
1034	5174.677854537964	328.41015828450526	1.0	0
1035	5179.3260588645935	313.7463907877604	1.0	0
1036	5184.371291637421	298.7428609212239	1.0	0
1037	5189.252896785736	305.02457784016923	1.0	0
1038	5193.847006320953	298.8328481038412	1.0	0
1039	5198.9406571388245	367.7366068522136	1.0	0
1040	5203.609322786331	430.13225911458335	1.0	0
1041	5208.512883901596	437.6332356770834	1.0	0
1042	5213.134974241257	438.59954833984375	1.0	0
1043	5218.06858754158	429.6904968261719	1.0	0
1044	5222.709628105164	438.7408467610677	1.0	0
1045	5227.572784900665	535.5027709960938	1.0	10.0000%
1046	5235.405203342438	523.0687093098958	1.0	10.0000%
1047	5243.191742181778	547.1954854329426	1.0	10.0000%
1048	5251.112549781799	532.2505411783854	1.0	10.0000%
1049	5258.730626344681	506.81695149739585	1.0	10.0000%
1050	5267.020440340042	494.92213948567706	1.0	0
1051	5272.144640684128	410.7136922200521	1.0	0
1052	5276.730305194855	371.4582021077474	1.0	0
1053	5281.465436697006	392.9010803222656	1.0	0
1054	5286.50245308876	418.32987263997404	1.0	0
1055	5291.180977344513	445.1624165852864	1.0	0
1056	5296.293947696686	403.61466878255214	1.0	0
1057	5300.914614200592	280.76746317545576	1.0	0
1058	5305.868483304977	241.40780639648435	1.0	0
1059	5310.470105171204	307.49641520182297	1.0	0
1060	5315.356844902039	381.6756469726562	1.0	0
1061	5319.965612411499	416.3793090820312	1.0	0
1062	5324.716511726379	452.78299763997404	1.0	0
1063	5329.406387805939	478.90889689127596	1.0	0
1064	5334.075959205627	424.13681233723963	1.0	0
1065	5339.564868450165	389.8477884928385	1.0	0
1066	5344.188227891922	481.10496317545574	1.0	0
1067	5349.214768886566	581.1485697428386	1.0	0
1068	5353.806679010391	623.1237447102865	1.0	0
1069	5358.521235227585	653.1011657714844	1.0	0
1070	5363.142939567566	727.8375366210937	1.0	0
1071	5367.701848745346	652.4462910970052	1.0	0
1072	5372.487340927124	673.1759399414063	1.0	0
1073	5377.12641787529	538.6269083658855	1.0	0
1074	5382.04061126709	600.4018513997397	1.0	0
1075	5386.685121536255	705.5023315429688	1.0	0
1076	5391.878038883209	855.1137573242188	1.0	0
1077	5396.555807352066	902.2264811197916	1.0	0
1078	5401.87820482254	949.6678548177082	1.0	0
1079	5406.52524971962	891.1831665039062	1.0	0
1080	5411.296706438065	818.9405802408853	1.0	0
1081	5416.196290254593	957.7581502278646	1.0	0
1082	5420.792422056198	921.6561157226563	1.0	0
1083	5425.735635042191	1047.6431640625	1.0	0
1084	5430.348064184189	1249.6313435872394	1.0	0
1085	5435.555483818054	1207.4230183919271	1.0	0
1086	5440.219557523727	1219.684488932292	1.0	0
1087	5445.264034748077	1144.9572794596356	1.0	0
1088	5449.869752883911	1128.9465616861978	1.0	0
1089	5455.065601825714	1411.3488810221352	1.0	0
1090	5459.73472070694	1367.1621012369792	1.0	0
1091	5464.395288705826	1305.3384155273436	1.0	0
1092	5469.321763753891	1203.9852091471355	1.0	0
1093	5473.861909151077	1339.0654744466146	1.0	0
1094	5478.66562128067	1377.1841959635417	1.0	0
1095	5483.4948143959045	1407.9164306640623	1.0	12.0200%
1096	5491.661049604416	1201.6664794921876	1.0	10.0000%
1097	5499.433055400848	1548.361971028646	1.0	9.9900%
1098	5506.955823659897	1601.6869303385417	1.0	10.2300%
1099	5514.84429526329	1423.4787434895832	1.0	11.4900%
1100	5522.596651554108	1172.6999226888022	1.0	0
1101	5527.178115606308	1024.8437133789062	1.0	0
1102	5532.1778066158295	1138.1022094726566	1.0	0
1103	5536.796236038208	1286.7829915364584	1.0	0
1104	5541.924441337585	1223.431815592448	1.0	0
1105	5546.53876042366	1306.321590169271	1.0	0
1106	5551.552953243256	1163.6526041666668	1.0	0
1107	5556.318174123764	962.3097045898436	1.0	0
1108	5560.94077539444	996.857869466146	1.0	0
1109	5565.7614822387695	815.4675740559895	1.0	0
1110	5570.413270950317	838.1871541341146	1.0	0
1111	5575.360751867294	1091.0876586914062	1.0	0
1112	5580.076592922211	954.989579264323	1.0	0
1113	5585.397552728653	1007.3162353515625	1.0	0
1114	5590.019809007645	1073.190067545573	1.0	0
1115	5595.190316200256	1118.2911743164063	1.0	0
1116	5599.753524780273	1136.4295247395833	1.0	0
1117	5604.376332044601	1272.3983886718752	1.0	0
1118	5609.151780843735	1366.9363566080726	1.0	0
1119	5613.771869182587	1249.1254394531247	1.0	0
1120	5618.599040746689	1160.7740356445313	1.0	0
1121	5623.220598697662	1184.1323201497396	1.0	0
1122	5628.102178096771	1299.4012207031249	1.0	0
1123	5632.812008857727	1301.4050944010419	1.0	0
1124	5637.748677968979	1460.445939127604	1.0	0
1125	5642.598528385162	1757.1954182942704	1.0	0
1126	5647.272869348526	1772.227775065104	1.0	0
1127	5652.052951574326	1795.5245442708333	1.0	0
1128	5656.646685838699	1946.3809488932288	1.0	0
1129	5661.578937768936	2453.735880533855	1.0	0
1130	5666.258435249329	2987.67978515625	1.0	0
1131	5671.238930940628	2526.010099283854	1.0	0
1132	5675.947597742081	2253.72783203125	1.0	0
1133	5680.645589351654	2114.3513020833334	1.0	0
1134	5685.530181646347	2085.699845377604	1.0	0
1135	5690.151012182236	1997.4756184895834	1.0	0
1136	5695.075880050659	1893.1556315104167	1.0	0
1137	5699.746457338333	1737.4939982096355	1.0	0
1138	5704.855724573135	1741.0595540364584	1.0	0
1139	5709.409519910812	1848.5594075520833	1.0	0
1140	5714.329902887344	1938.1031168619793	1.0	0
1141	5719.01118516922	1917.4167561848958	1.0	0
1142	5723.686094045639	1968.8768636067712	1.0	0
1143	5728.713274717331	2142.234423828125	1.0	0
1144	5733.325163125992	2199.736922200521	1.0	0
1145	5738.259382486343	2491.7009847005215	1.0	10.3500%
1146	5746.067569971085	2989.911515299479	1.0	12.9200%
1147	5753.721619606018	2277.8141682942714	1.0	12.1500%
1148	5761.446016550064	2992.492114257813	1.0	10.8700%
1149	5769.2057518959045	3401.563175455729	1.0	10.2200%
1150	5776.799838066101	3964.311442057292	1.0	0
1151	5782.005117416382	4789.973079427084	1.0	0
1152	5786.668816328049	4781.048160807292	1.0	0
1153	5791.97257065773	5475.253222656251	1.0	0
1154	5796.565044164658	5418.719531250001	1.0	0
1155	5801.504301786423	6127.687467447917	1.0	0
1156	5806.155946016312	6674.438964843749	1.0	0
1157	5810.9901077747345	6926.7853515625	1.0	0
1158	5815.581501722336	6247.892480468749	1.0	0
1159	5820.312872409821	6656.367675781251	1.0	0
1160	5825.050973176956	4892.301302083334	1.0	0
1161	5829.6988260746	5806.380338541666	1.0	0
1162	5834.643497943878	7086.50927734375	1.0	0
1163	5839.238421916962	8101.314615885416	1.0	0
1164	5844.0961747169495	8362.371158854166	1.0	0
1165	5848.724710941315	7180.172786458333	1.0	0
1166	5853.63378071785	6805.162239583333	1.0	0
1167	5858.361874103546	5709.878515625001	1.0	0
1168	5862.996969461441	5923.2970703125	1.0	0
1169	5868.024208784103	5899.351399739583	1.0	0
1170	5872.662954330444	5226.7749674479155	1.0	0
1171	5877.716518640518	4615.9291015625	1.0	0
1172	5882.313194513321	4361.887548828125	1.0	0
1173	5887.133347034454	4719.444612630208	1.0	0
1174	5891.803041934967	4791.963525390625	1.0	0
1175	5897.132844686508	6406.8508463541675	1.0	0
1176	5901.786817312241	6484.238378906249	1.0	0
1177	5906.430793523788	6243.459342447916	1.0	0
1178	5911.76450920105	6409.4572916666675	1.0	0
1179	5916.390990495682	5980.813346354167	1.0	0
1180	5921.754004240036	4818.033121744791	1.0	0
1181	5926.347846508026	5695.86220703125	1.0	0
1182	5931.307094812393	6501.991894531252	1.0	0
1183	5935.956273794174	8197.120182291666	1.0	0
1184	5940.824666023254	8299.68603515625	1.0	0
1185	5945.403770208359	8141.568229166666	1.0	0
1186	5950.458977937698	8385.719010416666	1.0	0
1187	5955.346132993698	8826.042187500001	1.0	0
1188	5959.979709625244	10092.505729166667	1.0	0
1189	5964.945604324341	10795.576171874998	1.0	0
1190	5969.610935211182	12827.2140625	1.0	0
1191	5974.358729839325	12956.421223958332	1.0	0
1192	5978.965861797333	13224.852278645832	1.0	0
1193	5983.906170368195	13317.71142578125	1.0	0
1194	5988.474068164825	13740.034309895835	1.0	0
1195	5993.4237270355225	14895.082486979163	1.0	11.5400%
1196	6001.041325330734	14961.671419270833	1.0	11.7500%
1197	6008.938218832016	15464.588932291665	1.0	11.0300%
1198	6016.832892894745	13862.602018229167	1.0	10.2800%
1199	6024.397795200348	13039.653841145831	1.0	10.6600%
1200	6032.207362651825	11563.980175781251	1.0	0
1201	6037.387086629868	12037.702897135418	1.0	0
1202	6042.001309633255	11631.926171874999	1.0	0
1203	6047.12259721756	12069.99287109375	1.0	0
1204	6051.879566192627	13564.344075520834	1.0	0
1205	6056.527063369751	13243.99544270833	1.0	0
1206	6061.357702732086	11589.326106770834	1.0	0
1207	6066.000398635864	8859.219140625	1.0	0
1208	6071.046477556229	9972.829947916665	1.0	0
1209	6075.676001787186	11823.853971354169	1.0	0
1210	6080.473569154739	14918.511979166666	1.0	0
1211	6085.306303501129	16817.641015625002	1.0	0
1212	6089.930974721909	17718.436002604165	1.0	0
1213	6094.896972179413	19696.527539062503	1.0	0
1214	6099.475972890854	21519.902213541667	1.0	0
1215	6104.419278383255	22582.284570312502	1.0	0
1216	6108.985512018204	24632.800390625	1.0	0
1217	6114.078886985779	24266.034505208336	1.0	0
1218	6118.765535116196	25113.030403645833	1.0	0
1219	6123.377437829971	23467.32994791667	1.0	0
1220	6128.126491546631	20599.46946614583	1.0	0
1221	6132.728487253189	22560.964908854166	1.0	0
1222	6137.71742939949	22840.060286458334	1.0	0
1223	6142.341901779175	26119.60989583333	1.0	0
1224	6147.126441240311	27568.68138020833	1.0	0
1225	6151.7373559474945	28620.629427083335	1.0	0
1226	6157.101917266846	28415.703645833335	1.0	0
1227	6161.731444597244	26304.41614583333	1.0	0
1228	6166.66579580307	24130.571875	1.0	0
1229	6171.47260093689	21839.462500000005	1.0	0
1230	6176.1006536483765	19645.542122395833	1.0	0
1231	6180.776558876038	18519.0888671875	1.0	0
1232	6185.424818277359	22909.760546875	1.0	0
1233	6190.071647405624	23443.225651041666	1.0	0
1234	6194.68069601059	21656.78424479167	1.0	0
1235	6199.301954507828	19599.794270833336	1.0	0
1236	6203.9376356601715	19778.209570312494	1.0	0
1237	6208.533987998962	21819.382682291667	1.0	0
1238	6213.209337949753	21912.207682291668	1.0	0
1239	6217.779401779175	20514.337369791665	1.0	0
1240	6222.405938863754	20583.63893229167	1.0	0
1241	6227.05571770668	20428.204296875	1.0	0
1242	6231.708971261978	20724.669986979166	1.0	0
1243	6236.4031727313995	19435.412500000002	1.0	0
1244	6241.095328330994	19692.962174479166	1.0	0
1245	6245.6797885894775	20486.330143229166	1.0	9.9000%
1246	6253.273101091385	20598.05026041667	1.0	10.7400%
1247	6260.858127355576	23167.284375	1.0	11.2600%
1248	6268.370077848434	25905.670833333334	1.0	10.0800%
1249	6275.876593112946	30045.301822916663	1.0	10.0000%
1250	6283.369513034821	31628.21809895833	1.0	0
1251	6288.061034440994	31607.868489583336	1.0	0
1252	6292.755837440491	31737.14088541667	1.0	0
1253	6297.342543840408	28273.945703125006	1.0	0
1254	6301.927935600281	24904.481640625	1.0	0
1255	6306.490010261536	25958.735286458334	1.0	0
1256	6311.122382640839	27732.672265625002	1.0	0
1257	6315.771978139877	31422.90416666666	1.0	0
1258	6320.395397424698	27961.13893229167	1.0	0
1259	6325.009043216705	32191.502083333333	1.0	0
1260	6329.617572307587	32699.00546875	1.0	0
1261	6334.238677978516	32103.644010416665	1.0	0
1262	6338.798105239868	34580.850390625004	1.0	0
1263	6343.438741207123	33237.560807291666	1.0	0
1264	6348.04433298111	33411.364453124996	1.0	0
1265	6352.602724075317	30396.523046874994	1.0	0
1266	6357.217405319214	26464.324739583328	1.0	0
1267	6361.894531488419	23140.831380208332	1.0	0
1268	6366.504805326462	23959.758203125002	1.0	0
1269	6371.196822404861	28061.793229166666	1.0	0
1270	6375.7582268714905	31382.497395833336	1.0	0
1271	6380.376923084259	34193.510156250006	1.0	0
1272	6385.089740991592	32905.613671875006	1.0	0
1273	6389.758216142654	30473.952213541663	1.0	0
1274	6394.340737819672	31426.98046875	1.0	0
1275	6398.980195760727	38138.824609375006	1.0	0
1276	6403.5358419418335	46066.39973958332	1.0	0
1277	6408.171974658966	57847.139322916664	1.0	0
1278	6412.906615495682	64061.34192708334	1.0	0
1279	6417.515549898148	64058.37369791667	1.0	0
1280	6422.124516963959	62697.26875	1.0	0
1281	6426.712183237076	54608.20833333334	1.0	0
1282	6431.286201953888	45663.05442708334	1.0	0
1283	6435.852015972137	38228.08671875	1.0	0
1284	6440.52635383606	33425.15833333333	1.0	0
1285	6445.092102527618	42733.98359375	1.0	0
1286	6449.604479312897	51485.41041666667	1.0	0
1287	6454.27068400383	52207.804947916666	1.0	0
1288	6458.88724732399	56017.40989583334	1.0	0
1289	6463.256212234497	61356.77526041667	1.0	0
1290	6467.867468118668	61992.1578125	1.0	0
1291	6472.479196310043	58896.92578125	1.0	0
1292	6477.095891714096	62928.22864583334	1.0	0
1293	6481.6838409900665	67799.32994791666	1.0	0
1294	6486.281291484833	69027.70625	1.0	0
1295	6490.8149309158325	62701.483072916664	1.0	13.1900%
1296	6498.354913711548	61811.7015625	1.0	12.0600%
1297	6505.817186594009	58250.47526041667	1.0	10.6500%
1298	6513.39434170723	66463.16171875001	1.0	11.0100%
1299	6520.930761814117	59206.90234375	1.0	11.2300%
1300	6528.431427717209	54734.28255208333	1.0	0
1301	6533.043152809143	50542.20833333333	1.0	0
1302	6537.715092897415	51564.92760416666	1.0	0
1303	6542.376677513123	59369.35156250001	1.0	0
1304	6546.9520127773285	66831.36484375	1.0	0
1305	6551.555563688278	71089.74036458334	1.0	0
1306	6556.192056179047	79193.26067708335	1.0	0
1307	6560.802130222321	75259.05885416667	1.0	0
1308	6565.408591270447	68473.74921875002	1.0	0
1309	6570.070743083954	65951.50078125	1.0	0
1310	6574.680940151215	79829.75260416667	1.0	0
1311	6579.3494420051575	95817.03437499999	1.0	0
1312	6583.983106136322	105033.25364583335	1.0	0
1313	6588.590789318085	97980.51093749999	1.0	0
1314	6593.2314648628235	85817.13802083334	1.0	0
1315	6597.871743440628	77674.59557291666	1.0	0
1316	6602.4268000125885	70782.00546875001	1.0	0
1317	6607.1970472335815	67720.86223958332	1.0	0
1318	6611.708242177963	73349.33385416666	1.0	0
1319	6616.269114255905	85986.84427083335	1.0	0
1320	6620.876160621643	90855.40677083335	1.0	0
1321	6625.471364974976	98291.52395833332	1.0	0
1322	6630.0975568294525	99687.66718749999	1.0	0
1323	6634.683906555176	85167.36067708334	1.0	0
1324	6639.291121482849	111442.96822916667	1.0	0
1325	6643.868616104126	108091.31510416667	1.0	0
1326	6648.493898153305	97417.90312499998	1.0	0
1327	6653.101231813431	86205.41197916667	1.0	0
1328	6657.672560930252	83402.99375000001	1.0	0
1329	6662.295127630234	82106.51953125	1.0	0
1330	6666.90131354332	80787.23723958332	1.0	0
1331	6671.552584409714	93766.23645833333	1.0	0
1332	6676.215879440308	92708.89739583334	1.0	0
1333	6680.831029176712	93891.51302083331	1.0	0
1334	6685.475086212158	103751.24947916668	1.0	0
1335	6690.097905397415	100645.65546874999	1.0	0
1336	6694.663908958435	105652.50989583333	1.0	0
1337	6699.276369333267	90818.27838541666	1.0	0
1338	6703.8584525585175	79284.60078124999	1.0	0
1339	6708.438640117645	89071.85364583333	1.0	0
1340	6713.039155244827	94727.90729166666	1.0	0
1341	6717.604880094528	92804.68020833335	1.0	0
1342	6722.18309378624	99316.64010416667	1.0	0
1343	6726.780075311661	111105.43802083335	1.0	0
1344	6731.441305875778	123839.37708333335	1.0	0
1345	6736.0594346523285	178166.99895833337	1.0	9.9700%
1346	6743.646887302399	219912.928125	1.0	9.9800%
1347	6751.153072118759	251265.88541666666	1.0	10.0300%
1348	6758.61745429039	283312.5291666667	1.0	9.2100%
1349	6766.2103662490845	289548.0833333333	1.0	9.2500%
1350	6773.748005867004	269330.03541666665	1.0	0
1351	6778.295035123825	289443.13125	1.0	0
1352	6782.995101690292	292383.1239583333	1.0	0
1353	6787.610629796982	265207.7802083333	1.0	0
1354	6792.2654983997345	232686.4604166667	1.0	0
1355	6796.9166758060455	190987.87447916667	1.0	0
1356	6801.541942358017	219765.16979166667	1.0	0
1357	6806.192817926407	209979.39687499998	1.0	0
1358	6810.783074140549	231684.70937499998	1.0	0
1359	6815.450132846832	205817.61718749994	1.0	0
1360	6820.088858127594	209203.71770833337	1.0	0
1361	6824.708653688431	184553.64687499998	1.0	0
1362	6829.42861032486	171651.8697916667	1.0	0
1363	6834.069752693176	146164.83958333335	1.0	0
1364	6838.702578306198	123174.88541666667	1.0	0
1365	6843.3141186237335	128249.99479166666	1.0	0
1366	6847.92720413208	132462.87083333332	1.0	0
1367	6852.557538986206	133676.24270833333	1.0	0
1368	6857.189755439758	182152.17812499998	1.0	0
1369	6861.814738273621	207902.57083333336	1.0	0
1370	6866.41130065918	251729.40104166666	1.0	0
1371	6871.042704582214	252730.834375	1.0	0
1372	6875.675151824951	265530.62916666665	1.0	0
1373	6880.280801296234	270361.84062499995	1.0	0
1374	6884.866542816162	290068.60104166664	1.0	0
1375	6889.490081071854	316061.21770833334	1.0	0
1376	6894.1577026844025	370205.68125	1.0	0
1377	6898.836577653885	353198.25625000003	1.0	0
1378	6903.407587051392	357329.2270833333	1.0	0
1379	6908.036972284317	350630.5843749999	1.0	0
1380	6912.627793550491	341650.13125000003	1.0	0
1381	6917.262317419052	336677.47500000003	1.0	0
1382	6921.820105552673	377969.9125	1.0	0
1383	6926.60320520401	364808.75000000006	1.0	0
1384	6931.444178581238	379902.9541666667	1.0	0
1385	6936.037773609161	351912.36666666664	1.0	0
1386	6940.596950531006	391473.67916666664	1.0	0
1387	6945.212792396545	451853.2291666667	1.0	0
1388	6949.848539590836	505054.94999999995	1.0	0
1389	6954.518993139267	536900.75625	1.0	0
1390	6959.154613733292	538749.8875000001	1.0	0
1391	6963.839856386185	516641.5020833334	1.0	0
1392	6968.480796337128	457991.4979166667	1.0	0
1393	6973.150832891464	476403.3979166667	1.0	0
1394	6977.756975889206	468788.2208333333	1.0	0
1395	6982.400315999985	448661.34583333327	1.0	9.7700%
1396	6989.948072195053	332897.4083333333	1.0	9.9700%
1397	6997.539403915405	235198.03541666668	1.0	11.8400%
1398	7005.026202917099	326409.8104166666	1.0	10.5400%
1399	7012.604360342026	392133.5416666667	1.0	10.3600%
1400	7020.151967763901	441468.03541666665	1.0	0
1401	7024.738242149353	521833.4354166667	1.0	0
1402	7029.422428607941	564821.6479166667	1.0	0
1403	7034.053309440613	579714.625	1.0	0
1404	7038.775578737259	499462.0708333334	1.0	0
1405	7043.363721847534	478698.51666666666	1.0	0
1406	7047.939665794373	509304.1375	1.0	0
1407	7052.503415584564	478211.32499999995	1.0	0
1408	7057.123568534851	455810.31666666665	1.0	0
1409	7061.752332687378	460074.08749999997	1.0	0
1410	7066.415145874023	446646.0354166666	1.0	0
1411	7071.036130905151	450752.61874999997	1.0	0
1412	7075.647835016251	434034.359375	1.0	0
1413	7080.200945615768	430606.225	1.0	0
1414	7084.7945301532745	478802.2791666667	1.0	0
1415	7089.394336462021	510036.14166666666	1.0	0
1416	7093.97611784935	637183.7291666666	1.0	0
1417	7098.575431585312	755296.6499999999	1.0	0
1418	7103.002515554428	914266.2208333334	1.0	0
1419	7107.534245252609	1155432.2708333335	1.0	0
1420	7112.088197231293	1161074.7	1.0	0
1421	7116.696170330048	1173830.9125	1.0	0
1422	7121.312908411026	1094521.354166667	1.0	0
1423	7125.898465633392	1163774.7666666666	1.0	0
1424	7130.483156442642	1418017.8833333333	1.0	0
1425	7135.1009929180145	1407658.4416666667	1.0	0
1426	7139.6198263168335	1324493.2583333333	1.0	0
1427	7144.209687709808	1172212.8958333333	1.0	0
1428	7148.829196691513	1117535.3791666667	1.0	0
1429	7153.454279661179	1168314.120833333	1.0	0
1430	7158.093540906906	1129530.6749999998	1.0	0
1431	7162.6889679431915	963768.4874999999	1.0	0
1432	7167.273867607117	875685.9583333333	1.0	0
1433	7171.880814790726	670551.83125	1.0	0
1434	7176.544113397598	578198.0750000001	1.0	0
1435	7181.189569950104	540220.8541666667	1.0	0
1436	7185.8267776966095	457211.2520833333	1.0	0
1437	7190.481664180756	481420.49583333335	1.0	0
1438	7195.133131027222	512610.7	1.0	0
1439	7199.775726556778	562312.25625	1.0	0
1440	7204.363342761993	623570.1124999999	1.0	0
1441	7209.0060913562775	642553.5624999999	1.0	0
1442	7213.660992145538	692898.5729166665	1.0	0
1443	7218.310608625412	823897.2041666667	1.0	0
1444	7222.9418749809265	731981.8958333334	1.0	0
1445	7227.539115905762	783137.0708333333	1.0	9.5300%
1446	7235.105929136276	799691.7708333334	1.0	8.8000%
1447	7242.559629678726	941410.3666666667	1.0	8.0500%
1448	7250.227727890015	953876.7833333333	1.0	8.5300%
1449	7257.82161283493	1067298.379166667	1.0	8.3100%
1450	7265.360860824585	1036859.0375	1.0	0
1451	7269.992903470993	1095917.0000000002	1.0	0
1452	7274.534037351608	1046170.916666667	1.0	0
1453	7279.173961400986	970179.0625000001	1.0	0
1454	7283.770584106445	1069031.2375	1.0	0
1455	7288.3613748550415	1241027.6458333333	1.0	0
1456	7292.972112894058	1276798.6125	1.0	0
1457	7297.567775726318	1544802.5	1.0	0
1458	7302.169661998749	1442891.829166667	1.0	0
1459	7306.824856042862	1563510.3875000002	1.0	0
1460	7311.435597658157	1322272.4625	1.0	0
1461	7315.998386859894	1710514.1000000003	1.0	0
1462	7320.658076763153	1672571.508333333	1.0	0
1463	7325.324515581131	1899439.1583333334	1.0	0
1464	7329.956885576248	2075625.7416666667	1.0	0
1465	7334.601266622543	1826627.3583333334	1.0	0
1466	7339.228600025177	2039793.0833333333	1.0	0
1467	7343.812575340271	1912228.708333333	1.0	0
1468	7348.4094870090485	1772847.3333333335	1.0	0
1469	7353.100207567215	1884686.1	1.0	0
1470	7357.745287656784	2056674.5583333336	1.0	0
1471	7362.3710501194	2138267.6	1.0	0
1472	7367.001049995422	2188121.291666667	1.0	0
1473	7371.631758928299	2083657.2416666667	1.0	0
1474	7376.206115484238	2286571.0249999994	1.0	0
1475	7380.866886854172	2189796.208333333	1.0	0
1476	7385.4485206604	1947526.916666667	1.0	0
1477	7390.075643062592	1627886.1833333338	1.0	0
1478	7394.6964802742	1769491.4833333334	1.0	0
1479	7399.286803245544	1931990.675	1.0	0
1480	7403.852364063263	2105280.6666666665	1.0	0
1481	7408.444167852402	1798499.5	1.0	0
1482	7413.041314601898	1519758.9625	1.0	0
1483	7417.600364923477	1476400.0916666668	1.0	0
1484	7422.267592906952	1775451.4416666667	1.0	0
1485	7426.796244859695	1904269.5499999998	1.0	0
1486	7431.441919565201	1902948.7	1.0	0
1487	7436.035298347473	2188906.6	1.0	0
1488	7440.682163238525	2490436.2999999993	1.0	0
1489	7445.220145225525	2290450.0083333333	1.0	0
1490	7449.863210201263	2786210.4	1.0	0
1491	7454.508805036545	2876395.5999999996	1.0	0
1492	7459.122951030731	3176310.8000000003	1.0	0
1493	7463.7946853637695	3015557.383333333	1.0	0
1494	7468.355592012405	2815044.233333333	1.0	0
1495	7472.994930505753	3230111.350000001	1.0	9.7000%
1496	7480.511273145676	3024522.35	1.0	9.6000%
1497	7488.00302362442	3202008.6333333333	1.0	9.3300%
1498	7495.525537729263	2885893.8083333336	1.0	8.3200%
1499	7503.083231210709	2821903.7583333333	1.0	8.0100%
1500	7510.556515693665	3036547.383333334	1.0	0
1501	7515.151025056839	3072327.4999999995	1.0	0
1502	7519.7682056427	3002875.7833333337	1.0	0
1503	7524.383389234543	3668408.8000000003	1.0	0
1504	7529.019774198532	3904789.5999999996	1.0	0
1505	7533.608741044998	4295229.483333332	1.0	0
1506	7538.244483709335	4427768.166666667	1.0	0
1507	7542.879729747772	5005306.966666668	1.0	0
1508	7547.522869110107	4813541.283333334	1.0	0
1509	7552.15358877182	4914455.15	1.0	0
1510	7556.8352291584015	5185878.2	1.0	0
1511	7561.446184873581	5004871.783333334	1.0	0
1512	7566.0938885211945	3639682.249999999	1.0	0
1513	7570.6837682724	3578573.5	1.0	0
1514	7575.342358827591	3961040.7666666666	1.0	0
1515	7579.918119430542	3888422.9166666665	1.0	0
1516	7584.436284065247	4264109.583333333	1.0	0
1517	7589.05909538269	3976450.516666666	1.0	0
1518	7593.673155784607	3273625.8000000003	1.0	0
1519	7598.253046989441	3302702.25	1.0	0
1520	7602.854048490524	3316897.2333333334	1.0	0
1521	7607.356806516647	3168875.1333333333	1.0	0
1522	7611.996590614319	3289827.766666667	1.0	0
1523	7616.5992567539215	3161998.683333333	1.0	0
1524	7621.223588705063	3928033.366666667	1.0	0
1525	7625.831055402756	4178076.0666666664	1.0	0
1526	7630.474784612656	5034700.05	1.0	0
1527	7635.120805501938	5464053.466666667	1.0	0
1528	7639.695652961731	6206788.166666668	1.0	0
1529	7644.280837774277	6598897.433333334	1.0	0
1530	7648.852371454239	5823169.0	1.0	0
1531	7653.458609580994	5014088.083333334	1.0	0
1532	7658.17529296875	4788454.983333334	1.0	0
1533	7662.788547515869	4360126.2	1.0	0
1534	7667.422973871231	4513875.183333334	1.0	0
1535	7672.069941520691	3939419.9499999997	1.0	0
1536	7676.672056913376	3776590.9833333334	1.0	0
1537	7681.335665225983	3870774.7	1.0	0
1538	7685.967525005341	5834513.733333333	1.0	0
1539	7690.574497699738	6430954.0666666655	1.0	0
1540	7695.160603284836	6534745.833333333	1.0	0
1541	7699.800197124481	6332890.866666667	1.0	0
1542	7704.425664901733	6363309.199999999	1.0	0
1543	7708.952273368835	6593544.366666665	1.0	0
1544	7713.51629447937	7606363.1	1.0	0
1545	7718.104044914246	8163888.833333333	1.0	10.0000%
1546	7725.69103884697	9678168.466666667	1.0	10.0100%
1547	7733.0614693164825	10465808.3	1.0	10.0600%
1548	7740.65912270546	10963969.133333333	1.0	10.3500%
1549	7748.186208724976	10439748.8	1.0	10.5300%
1550	7755.761658191681	9904506.033333333	1.0	0
1551	7760.341817617416	9668466.8	1.0	0
1552	7764.951908349991	10743500.23333333	1.0	0
1553	7769.506269693375	12214720.133333333	1.0	0
1554	7774.134960412979	11834371.366666665	1.0	0
1555	7778.730361461639	12066782.73333333	1.0	0
1556	7783.390482187271	11439199.46666667	1.0	0
1557	7788.0257127285	11179497.166666668	1.0	0
1558	7792.65864777565	10348417.966666665	1.0	0
1559	7797.249410390854	10517307.8	1.0	0
1560	7801.913957595825	10430789.433333334	1.0	0
1561	7806.502026796341	10087524.4	1.0	0
1562	7811.059459209442	10326130.433333332	1.0	0
1563	7815.714065551758	11201157.299999999	1.0	0
1564	7820.3334267139435	12194981.799999999	1.0	0
1565	7824.95743393898	13747738.000000002	1.0	0
1566	7829.5708339214325	14807385.533333333	1.0	0
1567	7834.136035442352	14761042.933333334	1.0	0
1568	7838.803852081299	13027871.200000001	1.0	0
1569	7843.415483951569	12909689.199999997	1.0	0
1570	7848.028206825256	13742177.533333333	1.0	0
1571	7852.641440868378	13981207.133333331	1.0	0
1572	7857.233530759811	13069564.533333333	1.0	0
1573	7861.822988986969	13272295.6	1.0	0
1574	7866.438926696777	14886350.333333334	1.0	0
1575	7871.049755573273	16506080.600000001	1.0	0
1576	7875.671259880066	20214038.2	1.0	0
1577	7880.259687423706	20297681.066666666	1.0	0
1578	7884.906950235367	20407377.133333337	1.0	0
1579	7889.481526136398	19226868.466666665	1.0	0
1580	7894.1209628582	20151121.93333333	1.0	0
1581	7898.746381282806	19365089.133333333	1.0	0
1582	7903.394275426865	19329112.066666666	1.0	0
1583	7907.947387218475	18482221.666666668	1.0	0
1584	7912.516570806503	20236894.133333333	1.0	0
1585	7917.151730537415	15856086.266666668	1.0	0
1586	7921.7420835494995	16087361.799999997	1.0	0
1587	7926.422765493393	15267190.866666669	1.0	0
1588	7931.053621292114	15785986.133333333	1.0	0
1589	7935.643084526062	17411007.6	1.0	0
1590	7940.307597398758	16230935.866666667	1.0	0
1591	7944.957520723343	16426455.066666666	1.0	0
1592	7949.577482700348	16356426.666666668	1.0	0
1593	7954.1527371406555	14963325.466666667	1.0	0
1594	7958.801699876785	15619820.133333333	1.0	0
1595	7963.405237436295	14905474.533333333	1.0	12.7500%
1596	7970.935377120972	12836265.600000001	1.0	11.8100%
1597	7978.428898572922	11501137.4	1.0	10.5300%
1598	7985.963385105133	9808049.0	1.0	7.8000%
1599	7993.482269048691	8870167.133333335	1.0	8.9400%
1600	8001.230017662048	10128142.966666667	1.0	0
1601	8005.9651300907135	12052074.866666667	1.0	0
1602	8010.750972747803	14435992.133333333	1.0	0
1603	8015.619212150574	14612427.666666666	1.0	0
1604	8020.393166780472	14758572.333333332	1.0	0
1605	8025.009334802628	14973191.666666668	1.0	0
1606	8029.629499912262	16427137.400000002	1.0	0
1607	8034.29484295845	17493106.53333334	1.0	0
1608	8038.964017152786	18582434.0	1.0	0
1609	8043.595464229584	19217717.0	1.0	0
1610	8048.243461370468	19582398.400000006	1.0	0
1611	8052.83927321434	21174648.133333337	1.0	0
1612	8057.439902305603	20346919.133333337	1.0	0
1613	8062.04593372345	18357484.4	1.0	0
1614	8066.6482989788055	21436915.666666664	1.0	0
1615	8071.255103349686	26749462.266666666	1.0	0
1616	8075.899178981781	28949947.866666663	1.0	0
1617	8080.47030043602	31237270.666666668	1.0	0
1618	8085.045224428177	26772452.8	1.0	0
1619	8089.704152584076	26775869.599999998	1.0	0
1620	8094.390753507614	27687465.066666663	1.0	0
1621	8099.020903110504	24827433.733333334	1.0	0
1622	8103.627796411514	30642454.0	1.0	0
1623	8108.243424415588	37259697.199999996	1.0	0
1624	8112.883590936661	41688330.13333333	1.0	0
1625	8117.485830068588	40084074.26666667	1.0	0
1626	8122.068798065186	40754471.199999996	1.0	0
1627	8126.6573650836945	35948053.46666667	1.0	0
1628	8131.224322080612	31634209.066666666	1.0	0
1629	8135.749620676041	28120399.33333334	1.0	0
1630	8140.37019777298	29195712.533333335	1.0	0
1631	8145.041958332062	28950204.666666668	1.0	0
1632	8149.7306616306305	24590387.066666666	1.0	0
1633	8154.4143080711365	18799382.2	1.0	0
1634	8159.005920410156	13833013.866666667	1.0	0
1635	8163.6252336502075	14635833.200000003	1.0	0
1636	8168.231271982193	15718195.399999999	1.0	0
1637	8172.85308265686	20543305.53333333	1.0	0
1638	8177.509177207947	30208391.066666666	1.0	0
1639	8182.115907669067	31926033.466666665	1.0	0
1640	8186.687977552414	35868322.93333334	1.0	0
1641	8191.276476383209	38448215.99999999	1.0	0
1642	8195.975234985352	34925178.93333333	1.0	0
1643	8200.595468759537	31058151.2	1.0	0
1644	8205.234308242798	26936373.733333334	1.0	0
1645	8209.835748195648	26890142.53333333	1.0	8.2200%
1646	8217.356628656387	32021618.533333335	1.0	7.8400%
1647	8224.891576051712	33357438.26666667	1.0	10.0500%
1648	8232.44495177269	35890043.2	1.0	9.9800%
1649	8239.988805294037	35046368.93333334	1.0	9.3000%
1650	8247.49623298645	35909902.266666666	1.0	0
1651	8252.15813112259	35470551.333333336	1.0	0
1652	8256.71406173706	31083174.533333335	1.0	0
1653	8261.398895025253	32495689.999999996	1.0	0
1654	8266.013372421265	33104335.333333336	1.0	0
1655	8270.596168994904	29757723.46666667	1.0	0
1656	8275.201048612595	32798248.53333333	1.0	0
1657	8279.851930856705	40685323.46666666	1.0	0
1658	8284.471204042435	53700170.13333332	1.0	0
1659	8289.047116279602	61275322.93333333	1.0	0
1660	8293.63412976265	76787894.93333332	1.0	0
1661	8298.215669631958	84370749.33333334	1.0	0
1662	8302.832696914673	93702784.53333333	1.0	0
1663	8307.41071009636	85366976.26666667	1.0	0
1664	8312.022266864777	80388168.53333333	1.0	0
1665	8316.635926008224	76684435.46666667	1.0	0
1666	8321.337285757065	77743266.93333335	1.0	0
1667	8325.915234327316	82566874.13333333	1.0	0
1668	8330.551267147064	83392012.8	1.0	0
1669	8335.123953580856	82038964.8	1.0	0
1670	8339.69875574112	74738863.46666665	1.0	0
1671	8344.332343578339	66490766.400000006	1.0	0
1672	8349.1755027771	57066330.400000006	1.0	0
1673	8353.768239736557	63132841.06666666	1.0	0
1674	8358.380374908447	71101613.86666666	1.0	0
1675	8362.97855091095	72061907.46666665	1.0	0
1676	8367.405740976334	77578194.4	1.0	0
1677	8372.032155036926	82269960.26666667	1.0	0
1678	8376.621065378189	83339790.4	1.0	0
1679	8381.132755279541	97522937.60000001	1.0	0
1680	8385.720043420792	103322821.86666667	1.0	0
1681	8390.323254346848	106593348.26666667	1.0	0
1682	8394.868696451187	124767323.20000002	1.0	0
1683	8399.512528419495	121458945.06666665	1.0	0
1684	8404.092911958694	128234062.93333332	1.0	0
1685	8408.739970684052	120335604.26666667	1.0	0
1686	8413.311181783676	100810622.66666667	1.0	0
1687	8417.877125501633	81349335.2	1.0	0
1688	8422.454040765762	90190437.33333333	1.0	0
1689	8427.11645102501	113948045.86666667	1.0	0
1690	8431.731024980545	133832336.53333333	1.0	0
1691	8436.324604511261	141708546.6666667	1.0	0
1692	8440.994508743286	149792929.6	1.0	0
1693	8445.530460834503	145552342.93333334	1.0	0
1694	8450.07942700386	157371427.73333332	1.0	0
1695	8454.745057582855	185212257.06666666	1.0	9.8000%
1696	8462.248524427414	198040746.13333333	1.0	9.6600%
1697	8469.787847280502	203511981.86666667	1.0	9.4100%
1698	8477.296171426773	199765297.06666666	1.0	9.1600%
1699	8484.878930091858	195342020.79999998	1.0	10.2500%
1700	8492.410856962204	200066388.26666665	1.0	0
1701	8497.029137134552	166787354.13333333	1.0	0
1702	8501.692939519882	150892800.53333333	1.0	0
1703	8506.295152664185	134948573.86666667	1.0	0
1704	8511.01287651062	161514418.6666667	1.0	0
1705	8515.626188278198	184238918.4	1.0	0
1706	8520.163202047348	218557412.26666665	1.0	0
1707	8524.840009450912	180697124.8	1.0	0
1708	8529.429868459702	202342788.26666665	1.0	0
1709	8534.03742313385	170358422.9333333	1.0	0
1710	8538.629660606384	186906466.6666667	1.0	0
1711	8543.252871513367	216050461.86666664	1.0	0
1712	8547.92132472992	218463792.0	1.0	0
1713	8552.514381408691	213768053.33333334	1.0	0
1714	8557.157954216003	200876815.99999997	1.0	0
1715	8561.78150510788	220987222.40000004	1.0	0
1716	8566.411048650742	224879575.46666667	1.0	0
1717	8571.08804154396	225426213.3333333	1.0	0
1718	8575.720029115677	236900407.46666664	1.0	0
1719	8580.327116250992	244834701.86666667	1.0	0
1720	8584.964463472366	198909229.86666664	1.0	0
1721	8589.542757987976	259363359.99999997	1.0	0
1722	8594.170065402985	292827635.20000005	1.0	0
1723	8598.798225402832	347139596.8	1.0	0
1724	8603.409913301468	372023199.99999994	1.0	0
1725	8608.074452638626	402403225.59999996	1.0	0
1726	8612.66173505783	464167278.9333333	1.0	0
1727	8617.238493442535	436831050.6666667	1.0	0
1728	8621.866740703583	406924078.93333334	1.0	0
1729	8626.496544599533	382397369.59999996	1.0	0
1730	8631.159577608109	346666192.0	1.0	0
1731	8635.717978954315	301400036.26666665	1.0	0
1732	8640.311987161636	335009470.93333334	1.0	0
1733	8644.919912576675	357445696.00000006	1.0	0
1734	8649.52093410492	409931874.1333333	1.0	0
1735	8654.354730844498	417727037.8666667	1.0	0
1736	8659.00268125534	423867571.2	1.0	0
1737	8663.564299106598	366256714.6666667	1.0	0
1738	8668.317769765854	351120898.1333333	1.0	0
1739	8672.938208818436	295605573.3333334	1.0	0
1740	8677.591017007828	256363012.26666662	1.0	0
1741	8682.171277046204	245154726.40000004	1.0	0
1742	8686.75501871109	281703625.6	1.0	0
1743	8691.368388175964	280944526.93333334	1.0	0
1744	8696.004199504852	329698782.93333334	1.0	0
1745	8700.656408071518	338640291.20000005	1.0	10.2500%
1746	8708.177085876465	371951102.9333334	1.0	10.8800%
1747	8715.68533706665	334235988.2666667	1.0	11.4200%
1748	8723.239485025406	354934193.06666666	1.0	12.1600%
1749	8730.815522909164	342731605.3333333	1.0	9.8900%
1750	8738.442878484726	399029600.0	1.0	0
1751	8743.06050658226	455615269.3333334	1.0	0
1752	8747.640706777573	491870427.73333335	1.0	0
1753	8752.255113363266	532761188.2666667	1.0	0
1754	8756.86803150177	499057875.20000005	1.0	0
1755	8761.55461716652	370225495.46666664	1.0	0
1756	8766.149617671967	313713281.06666666	1.0	0
1757	8770.778185129166	371921619.2000001	1.0	0
1758	8775.410544633865	352934219.7333333	1.0	0
1759	8780.04684829712	417409058.1333334	1.0	0
1760	8784.649328947067	449154711.4666667	1.0	0
1761	8789.238503932953	485413725.8666667	1.0	0
1762	8793.765050888062	469261073.0666668	1.0	0
1763	8798.356310129166	426514410.6666666	1.0	0
1764	8802.957490205765	362762240.0	1.0	0
1765	8807.528190612793	361988919.4666666	1.0	0
1766	8812.176382541656	387096117.3333333	1.0	0
1767	8816.830372810364	347903436.8	1.0	0
1768	8821.428014755249	381638188.8000001	1.0	0
1769	8826.050502538681	539048667.7333333	1.0	0
1770	8830.666592121124	579174180.2666667	1.0	0
1771	8835.395992517471	648808885.3333334	1.0	0
1772	8840.036875486374	792435255.4666667	1.0	0
1773	8844.631581783295	796454065.0666666	1.0	0
1774	8849.34124469757	910509320.5333334	1.0	0
1775	8853.888945817947	879530124.8000001	1.0	0
1776	8858.50641989708	918424337.0666666	1.0	0
1777	8863.103729009628	887612356.2666667	1.0	0
1778	8867.746701478958	725360808.5333333	1.0	0
1779	8872.365594863892	785254062.9333332	1.0	0
1780	8876.94928097725	742905644.8	1.0	0
1781	8881.634958744049	848594760.5333333	1.0	0
1782	8886.223300457	963246374.3999999	1.0	0
1783	8890.843337774277	897482393.5999999	1.0	0
1784	8895.483765602112	809031012.2666667	1.0	0
1785	8900.108668804169	954798677.3333334	1.0	0
1786	8904.685807228088	835518126.9333334	1.0	0
1787	8909.321557044983	783719176.5333333	1.0	0
1788	8913.927518606186	814965311.9999999	1.0	0
1789	8918.530203342438	765566301.8666666	1.0	0
1790	8923.112317800522	759928821.3333334	1.0	0
1791	8927.757697105408	772701499.7333332	1.0	0
1792	8932.405822992325	735852411.7333333	1.0	0
1793	8937.010058641434	782159001.6	1.0	0
1794	8941.599933385849	963169962.6666666	1.0	0
1795	8946.180560588837	1477235532.8	1.0	10.0000%
1796	8953.687274694443	1680754534.4	1.0	10.0000%
1797	8961.19954752922	1732727833.6	1.0	10.0000%
1798	8968.69370508194	1722397900.8	1.0	10.0000%
1799	8976.15658545494	1636609800.533333	1.0	10.0000%
1800	8983.731855630875	1685700983.4666667	1.0	0
1801	8988.388086557388	1720016460.8	1.0	0
1802	8993.02150940895	1491388637.8666666	1.0	0
1803	8997.650516271591	1095096797.8666666	1.0	0
1804	9002.297020196915	1056899729.0666666	1.0	0
1805	9006.759979009628	1194362293.3333335	1.0	0
1806	9011.37101817131	1160546705.0666668	1.0	0
1807	9015.959417581558	1167597192.5333333	1.0	0
1808	9020.516826629639	1280103893.3333333	1.0	0
1809	9025.193264484406	1264039914.6666665	1.0	0
1810	9029.802448749542	1177595502.9333332	1.0	0
1811	9034.437709331512	1213233369.5999997	1.0	0
1812	9039.116920471191	1172866594.1333332	1.0	0
1813	9043.73571062088	1065378325.3333333	1.0	0
1814	9048.007563114166	nan	1.0	0
1815	9052.005912303925	nan	1.0	0
1816	9056.019014835358	nan	1.0	0
1817	9060.073918104172	nan	1.0	0
1818	9064.145746707916	nan	1.0	0
1819	9068.224928855896	nan	1.0	0
1820	9072.31079339981	nan	1.0	0
1821	9076.330758571625	nan	1.0	0
1822	9080.221883773804	nan	1.0	0
1823	9084.113556146622	nan	1.0	0
1824	9088.007788419724	nan	1.0	0
1825	9091.898949623108	nan	1.0	0
1826	9095.790938615799	nan	1.0	0
1827	9099.681943655014	nan	1.0	0
1828	9103.573767900467	nan	1.0	0
1829	9107.465168237686	nan	1.0	0
1830	9111.35695028305	nan	1.0	0
1831	9115.248828411102	nan	1.0	0
1832	9119.139905929565	nan	1.0	0
1833	9123.030827522278	nan	1.0	0
1834	9126.922272443771	nan	1.0	0
1835	9130.813894033432	nan	1.0	0
1836	9134.705762147903	nan	1.0	0
1837	9138.59751033783	nan	1.0	0
1838	9142.488949537277	nan	1.0	0
1839	9146.382722139359	nan	1.0	0
1840	9150.274943828583	nan	1.0	0
1841	9154.166927814484	nan	1.0	0
1842	9158.059098005295	nan	1.0	0
1843	9161.951138734818	nan	1.0	0
1844	9165.843438386917	nan	1.0	0
1845	9169.735366344452	nan	1.0	10.0000%
1846	9176.55394411087	nan	1.0	10.0000%
1847	9183.571647644043	nan	1.0	10.0000%
1848	9190.38403582573	nan	1.0	10.0000%
1849	9197.201847314835	nan	1.0	10.0000%
1850	9204.03774189949	nan	1.0	0
1851	9207.93141746521	nan	1.0	0
1852	9211.823195934296	nan	1.0	0
1853	9215.715662240982	nan	1.0	0
1854	9219.607350349426	nan	1.0	0
1855	9223.500703334808	nan	1.0	0
1856	9227.393625497818	nan	1.0	0
1857	9231.285096406937	nan	1.0	0
1858	9235.176700115204	nan	1.0	0
1859	9239.071391582489	nan	1.0	0
1860	9242.965973615646	nan	1.0	0
1861	9246.8587372303	nan	1.0	0
1862	9250.750980138779	nan	1.0	0
1863	9254.64415717125	nan	1.0	0
1864	9258.535023450851	nan	1.0	0
1865	9262.42851614952	nan	1.0	0
1866	9266.321478128433	nan	1.0	0
1867	9270.21385550499	nan	1.0	0
1868	9274.105251789093	nan	1.0	0
1869	9277.998026132584	nan	1.0	0
1870	9281.891320466995	nan	1.0	0
1871	9285.783390283585	nan	1.0	0
1872	9289.679721832275	nan	1.0	0
1873	9293.571545600891	nan	1.0	0
1874	9297.464806079865	nan	1.0	0
1875	9301.358068466187	nan	1.0	0
1876	9305.250323534012	nan	1.0	0
1877	9309.14268398285	nan	1.0	0
1878	9313.035766124725	nan	1.0	0
1879	9316.928151369095	nan	1.0	0
1880	9320.92495584488	nan	1.0	0
1881	9325.012352228165	nan	1.0	0
1882	9329.099122047424	nan	1.0	0
1883	9333.184977293015	nan	1.0	0
1884	9337.27390408516	nan	1.0	0
1885	9341.359684228897	nan	1.0	0
1886	9345.447328329086	nan	1.0	0
1887	9349.533337116241	nan	1.0	0
1888	9353.61841058731	nan	1.0	0
1889	9357.705221414566	nan	1.0	0
1890	9361.790941476822	nan	1.0	0
1891	9365.876624584198	nan	1.0	0
1892	9369.963304042816	nan	1.0	0
1893	9374.048640727997	nan	1.0	0
1894	9378.13589644432	nan	1.0	0
1895	9382.224953889847	nan	1.0	10.0000%
1896	9389.237530469894	nan	1.0	10.0000%
1897	9396.244782686234	nan	1.0	10.0000%
1898	9403.25114607811	nan	1.0	10.0000%
1899	9410.259912729263	nan	1.0	10.0000%
1900	9417.264426708221	nan	1.0	0
1901	9421.350956916809	nan	1.0	0
1902	9425.435878038406	nan	1.0	0
1903	9429.524226665497	nan	1.0	0
1904	9433.610724449158	nan	1.0	0
1905	9437.696315050125	nan	1.0	0
1906	9441.782816648483	nan	1.0	0
1907	9445.869692087173	nan	1.0	0
1908	9449.955542564392	nan	1.0	0
1909	9454.041009187698	nan	1.0	0
1910	9458.12777876854	nan	1.0	0
1911	9462.214349985123	nan	1.0	0
1912	9466.30113196373	nan	1.0	0
1913	9470.387473106384	nan	1.0	0
1914	9474.473177194595	nan	1.0	0
1915	9478.561058282852	nan	1.0	0
1916	9482.648088932037	nan	1.0	0
1917	9486.73553276062	nan	1.0	0
1918	9490.821409463882	nan	1.0	0
1919	9494.906972169876	nan	1.0	0
1920	9498.993246793747	nan	1.0	0
1921	9503.078839302063	nan	1.0	0
1922	9507.165604829788	nan	1.0	0
1923	9511.252699613571	nan	1.0	0
1924	9515.338733196259	nan	1.0	0
1925	9519.42534160614	nan	1.0	0
1926	9523.51366519928	nan	1.0	0
1927	9527.600275754929	nan	1.0	0
1928	9531.68734741211	nan	1.0	0
1929	9535.774148702621	nan	1.0	0
1930	9539.86151766777	nan	1.0	0
1931	9543.948346614838	nan	1.0	0
1932	9548.034299612045	nan	1.0	0
1933	9552.121445417404	nan	1.0	0
1934	9555.984017372131	1477531126988.8	1.0	0
1935	9560.07189321518	nan	1.0	0
1936	9564.158140182495	nan	1.0	0
1937	9568.244807243347	nan	1.0	0
1938	9572.331876516342	nan	1.0	0
1939	9576.418194532394	nan	1.0	0
1940	9580.50533914566	nan	1.0	0
1941	9584.591512441635	nan	1.0	0
1942	9588.67849779129	nan	1.0	0
1943	9592.764271259308	nan	1.0	0
1944	9596.85051035881	nan	1.0	0
1945	9600.936576604843	nan	1.0	10.0000%
1946	9607.969646215439	nan	1.0	10.0000%
1947	9614.974212646484	nan	1.0	10.0000%
1948	9621.982597112656	nan	1.0	10.0000%
1949	9628.990023612976	nan	1.0	10.0000%
1950	9635.997987031937	nan	1.0	0
1951	9640.08462548256	nan	1.0	0
1952	9644.17438030243	nan	1.0	0
1953	9648.260591983795	nan	1.0	0
1954	9652.346158027649	nan	1.0	0
1955	9656.434169769287	nan	1.0	0
1956	9660.522269010544	nan	1.0	0
1957	9664.812559127808	nan	1.0	0
1958	9669.10127401352	nan	1.0	0
1959	9673.189049005508	nan	1.0	0
1960	9677.276036262512	nan	1.0	0
1961	9681.362733602524	nan	1.0	0
1962	9685.449773788452	nan	1.0	0
1963	9689.545373439789	nan	1.0	0
1964	9693.630972385406	nan	1.0	0
1965	9697.718210220337	nan	1.0	0
1966	9701.80525636673	nan	1.0	0
1967	9705.892285108566	nan	1.0	0
1968	9709.979243278503	nan	1.0	0
1969	9714.067420244217	nan	1.0	0
1970	9718.153869867325	nan	1.0	0
1971	9722.240189552307	nan	1.0	0
1972	9726.326710939407	nan	1.0	0
1973	9730.412679433823	nan	1.0	0
1974	9734.49954032898	nan	1.0	0
1975	9738.586078166962	nan	1.0	0
1976	9742.673577070236	nan	1.0	0
1977	9746.760352611542	nan	1.0	0
1978	9750.846869468689	nan	1.0	0
1979	9754.934145450592	nan	1.0	0
1980	9759.022599697113	nan	1.0	0
1981	9763.109124660492	nan	1.0	0
1982	9767.195954799652	nan	1.0	0
1983	9771.281881570816	nan	1.0	0
1984	9775.368505477905	nan	1.0	0
1985	9779.455381631851	nan	1.0	0
1986	9783.54269361496	nan	1.0	0
1987	9787.6289768219	nan	1.0	0
1988	9791.715867996216	nan	1.0	0
1989	9795.803486824036	nan	1.0	0
1990	9799.890017986298	nan	1.0	0
1991	9803.975486755371	nan	1.0	0
1992	9808.06546163559	nan	1.0	0
1993	9812.152723789215	nan	1.0	0
1994	9816.239698171616	nan	1.0	0
1995	9820.325911998749	nan	1.0	10.0000%
1996	9827.359318971634	nan	1.0	10.0000%
1997	9834.365844011307	nan	1.0	10.0000%
1998	9841.371001243591	nan	1.0	10.0000%
1999	9848.376897096634	nan	1.0	10.0000%
2000	9855.385342597961	nan	1.0	0
2001	9859.471363782883	nan	1.0	0
2002	9863.557205438614	nan	1.0	0
2003	9867.644713401794	nan	1.0	0
2004	9871.730437278748	nan	1.0	0
2005	9875.81693148613	nan	1.0	0
2006	9879.90395617485	nan	1.0	0
2007	9883.990255594254	nan	1.0	0
2008	9888.078053474426	nan	1.0	0
2009	9892.163929700851	nan	1.0	0
2010	9896.251001119614	nan	1.0	0
2011	9900.338361263275	nan	1.0	0
2012	9904.426370382309	nan	1.0	0
2013	9908.513906002045	nan	1.0	0
2014	9912.601403474808	nan	1.0	0
2015	9916.689069271088	nan	1.0	0
2016	9920.776087999344	nan	1.0	0
2017	9924.862389087677	nan	1.0	0
2018	9928.949042797089	nan	1.0	0
2019	9933.034874677658	nan	1.0	0
2020	9937.121409416199	nan	1.0	0
2021	9941.208960533142	nan	1.0	0
2022	9945.296461820602	nan	1.0	0
2023	9949.586619615555	nan	1.0	0
2024	9953.876942157745	nan	1.0	0
2025	9957.964493274689	nan	1.0	0
2026	9962.051184177399	nan	1.0	0
2027	9966.137772798538	nan	1.0	0
2028	9970.225162744522	nan	1.0	0
2029	9974.311325073242	nan	1.0	0
2030	9978.397550106049	nan	1.0	0
2031	9982.483533620834	nan	1.0	0
2032	9986.569200515747	nan	1.0	0
2033	9990.656444072723	nan	1.0	0
2034	9994.74288034439	nan	1.0	0
2035	9998.831706285477	nan	1.0	0
2036	10002.919636964798	nan	1.0	0
2037	10007.006744146347	nan	1.0	0
2038	10011.093304872513	nan	1.0	0
2039	10015.17954993248	nan	1.0	0
2040	10019.265651464462	nan	1.0	0
2041	10023.353797912598	nan	1.0	0
2042	10027.439579248428	nan	1.0	0
2043	10031.525771856308	nan	1.0	0
2044	10035.612343072891	nan	1.0	0
2045	10039.699304580688	nan	1.0	10.0000%
2046	10046.735369443893	nan	1.0	10.0000%
